1.043150759454525636e-02
-1.721759862828245169e-01
1.353411864593212777e-01
6.544023923764123729e-02
3.363743693561103282e-02
9.159944415420293029e-02
-5.890611970315863533e-02
3.440576155894049110e-02
-3.581670561952041143e-02
-9.235657762489955791e-02
1.564965262945962679e-02
1.467104224992087352e-03
-1.184929077186202932e-02
5.117062468229030547e-02
-1.079690782552912703e-01
-4.618173960627949132e-02
-3.262010359036811302e-02
5.592929630476019438e-03
-1.436746791895281150e-01
1.619792034204485531e-01
-4.254450594626357079e-02
-1.154691693267803770e-01
-7.532040807290388273e-02
-6.284896596348875375e-02
-7.591692818009351806e-02
1.623592427895793888e-01
-1.436523695542948620e-01
5.410968785307241485e-02
1.187646735504606227e-01
-8.605763908820129870e-02
1.041547858414356709e-01
-9.448168341743652665e-02
-5.281570075866021813e-02
1.022965077360358105e-01
1.448743500469897548e-02
1.595460812187001476e-01
-1.312987959631975628e-02
1.696552744427162474e-01
1.340847838241848722e-01
-1.432769384507177890e-01
-1.050038726228050695e-01
1.545015001918881858e-01
-4.927482343091992706e-02
9.938659809365616056e-04
-2.391223482799532951e-01
1.151633768183632153e-02
1.061067350616081983e-01
-1.102962010775075802e-01
2.027047460773186149e-01
1.787405561755695330e-02
-7.091398941197651126e-04
-1.192976852907895631e-02
8.336081996001136474e-02
5.651844264560608455e-02
1.855031626493947733e-02
-5.171477769779505435e-02
-6.969225462362695078e-02
-5.245850911504847808e-02
-8.511610923045812016e-02
-3.648984379457716198e-02
1.325156746473593605e-01
7.166595109223147797e-02
1.442917569165027003e-01
-3.097624270866763257e-02
-2.643470830692312701e-01
1.139909595930570507e-01
-2.850999334572302049e-03
1.613750585363708523e-01
5.515124611247829850e-02
-2.013990786361140040e-01
7.675258602116786892e-03
1.269048741184265403e-02
2.028332989099152633e-02
7.052893180890397462e-02
2.599729356740999864e-02
-7.807464690868042012e-02
-2.536931083019798236e-02
9.475352813143842227e-04
-9.510899046831635534e-03
3.350079783717276050e-02
2.380509062475283377e-02
3.791300755887486162e-02
8.044236893476214637e-03
1.540705315812338494e-01
-1.635401460136212404e-01
0.000000000000000000e+00
-6.921066390597567508e-02
5.439109706247080567e-02
-9.384371873267819894e-04
1.179091205226609762e-01
-3.106590552996940646e-02
2.652640911737989132e-02
-7.851847272901517349e-02
-5.051589144941364675e-04
-1.528381046812326838e-01
6.973923597342331082e-02
-3.110747352635849505e-02
-5.126345912550395179e-02
3.263336471772680658e-02
-2.186262213881394814e-02
-1.144477032708897113e-01
2.860052735369160784e-02
6.402688777621032279e-02
-8.578401857461093183e-02
-7.118095910194577325e-02
3.838861192828058044e-02
-1.127874143579800925e-01
9.081685974339503975e-02
-6.951780829834988684e-02
4.713299775155503635e-02
1.217424410432169785e-01
-2.300625603495656812e-03
-9.444282226655517642e-02
6.270628071344967747e-02
-6.202116788400555830e-02
6.551213571926832457e-02
1.072119877127713367e-01
-4.610775415031900804e-02
9.613407070491265805e-02
-3.814598381852202236e-02
1.391356450787470111e-01
9.919841962278073966e-02
-1.447153831217891894e-02
-3.608434847615392405e-02
-3.777975169813167083e-02
4.672837067699357749e-02
-4.885222726991392261e-03
9.182728287587704763e-02
-7.499386845156851000e-02
-3.748095584428017685e-02
-1.063353676315925422e-01
-6.287442359563858579e-03
-1.075867038611126592e-01
-6.947781170729196154e-02
-1.083123136663610986e-01
1.275533335445320493e-01
1.435117600863965726e-01
-1.603654284460666324e-01
5.146472538369749328e-02
-3.332381597826360176e-02
-6.487259214762523818e-02
1.362013843045368870e-02
-5.020228744215772532e-02
-8.873647566978706824e-02
-8.709957983990850028e-02
8.076188828102558170e-02
-4.871728390357534660e-02
1.641971867555256093e-01
-3.408948185297583020e-03
-1.145090860833879592e-01
1.039875256361661865e-01
-2.804028096793788338e-02
-1.528132690499896529e-01
1.576321030608565654e-01
-8.946598479911729851e-02
-5.632127207253064677e-02
2.074384972711924569e-01
-1.047512486240030766e-01
1.059054163280410792e-02
2.528825295029265077e-02
5.029523591809884064e-02
-2.917742633821095166e-02
1.449103041801388936e-01
1.029085198683728636e-01
-1.436146005714765070e-02
5.638420859616236763e-02
-9.901379076688109071e-02
1.452725501372883199e-01
-7.597861064231513362e-03
1.621821126252954437e-01
-1.472052606300837951e-01
-9.589436045225825656e-02
1.157391862386243503e-01
3.664639358204384301e-02
-1.370524671008966633e-01
-1.768691081732380876e-01
-6.836279040284394537e-02
-1.175341798999648413e-01
8.899388886788951736e-02
1.011793513603301137e-01
-1.122734859119845496e-01
1.636098029762329265e-01
4.446981383163857438e-02
1.129929986264979619e-01
-8.711596055504862435e-02
-1.258600536504830558e-01
-9.615800213696358220e-03
-7.261530312680131161e-02
1.217963982332887773e-01
1.234025674467542355e-01
1.129367475365885554e-01
4.431900401266578721e-02
-1.277533388166980921e-01
1.092993086480469576e-02
-4.724926679483645517e-03
-6.653093282194252889e-03
-4.170393026522284385e-02
3.975548873233650943e-02
-2.479521741442851090e-01
1.474657053880239210e-01
4.538330393536873369e-02
7.639307426776371923e-02
4.112053122362514107e-02
-2.425681428844803783e-02
-1.405498225887237204e-02
-1.164574565599035827e-01
5.405756720136357940e-02
-4.588597239853059104e-03
-1.101111942577391312e-01
-8.446691096376277019e-02
-7.875652915929783060e-02
2.360056423336420045e-02
1.171652814195187076e-01
6.352506018547382505e-02
-8.799084620409877711e-02
-1.512128445858752952e-02
-1.756059489319523881e-01
-7.825920628083959940e-02
-3.535128484266557292e-02
-4.362447188885781348e-03
-1.036748470511159176e-01
-8.080915750934847264e-02
-8.957154451758805869e-02
1.156943821758922852e-01
3.946658570863987442e-02
-3.226690723676302330e-02
-7.633385823957938854e-02
3.354492836221820151e-02
9.478163132235492561e-02
2.842774103418131866e-03
3.185292892857703034e-02
4.570018714536625004e-02
1.270992114410992267e-02
-5.378575801721246358e-02
4.764046170528287577e-02
5.821423837516705863e-02
-1.344343607438742427e-01
-9.282733543636985385e-02
-1.005574772786146931e-01
-7.282153290549613078e-02
-3.738663455284837317e-02
3.642461922190153023e-02
-2.029363265157407489e-02
1.154228020074290484e-01
-2.613111381658693722e-01
-9.560403914146231585e-02
-1.150397697107653217e-01
1.452778165249096753e-01
-6.317840250736099506e-02
-7.537331384261644618e-02
1.093238456852476115e-01
6.769436227807032469e-02
6.014844872442594303e-02
3.677200448146554501e-02
5.417900213118664182e-02
-9.356287364996371259e-02
-5.359273684612848518e-03
1.380389203013184483e-02
1.417566026520453853e-02
2.643664354039998096e-02
8.746791233985104497e-02
-1.039046064730065611e-01
2.553674731760645703e-02
-1.102750325169714329e-02
1.555254950722951557e-01
-2.846802579561758320e-02
-1.975757180588484652e-01
-4.612361619600535700e-02
-3.779274197500282623e-02
-6.636066492062885069e-02
9.289856691992956494e-02
-1.445793432376036580e-01
-6.911938412069076887e-02
-3.521793416549961683e-03
7.610138630309164209e-02
-2.845462059594838777e-02
-1.379322508281032866e-01
-4.263825022738949866e-02
-7.068080835820182706e-02
-7.072476261270174702e-02
-1.317315970488162347e-01
1.107974243219907451e-01
1.799707369462448178e-02
-1.266917555231228953e-01
4.477055635642938902e-02
-4.384991489568424577e-02
2.729066440571837823e-02
-2.739320569697594951e-02
-6.778914664767728138e-02
-1.103846748107525644e-01
1.021400449378073207e-02
9.766648259542690114e-02
9.614054818580877737e-02
1.816675245524201898e-01
7.289946921630943710e-02
2.841444482073508457e-02
2.265551226823209283e-03
-7.701774876536132686e-02
2.377934657945096064e-01
-2.086779136541084406e-03
8.112063791558878079e-02
-1.134605601563789916e-02
-1.950129053816151634e-02
-9.037806436739849458e-02
-8.111498692266175259e-02
8.919280478183076732e-02
5.418024121877203225e-03
1.232475659485419844e-01
-1.121838332051561422e-02
4.884857708905475382e-03
9.347659386067318221e-02
-2.620908653554777229e-02
-9.936992759255244834e-02
3.467255395696665354e-02
3.831657954637403968e-02
4.948990855293251834e-02
-1.412959322781931482e-01
-4.530358214850447457e-02
6.487087543312589077e-02
-2.059533174800573518e-02
4.009210730299251485e-02
3.593190910361907658e-02
-2.251724063941390741e-01
8.843626675695328079e-03
-1.042332463222646055e-01
-5.438082820386711154e-03
-2.266167602372582551e-02
1.567164545789096197e-01
-2.362599530540964929e-02
-1.352042511349797471e-01
7.231447606577309783e-02
-3.070153596059702408e-02
1.360543800608299096e-02
-3.803294515387389135e-02
4.244402950736563679e-02
-3.709335690330807511e-02
0.000000000000000000e+00
2.305238942026683890e-01
9.396052198216360216e-03
1.264563776324322264e-01
2.770054637936021635e-02
-6.627254325439690952e-02
-6.704794867183862250e-02
-1.337054114098909854e-02
-9.032236361683727843e-02
9.109914927532082596e-02
7.629413314762176213e-02
-1.010394367185986769e-01
5.788640265571571436e-02
6.792243321125618349e-02
-8.937061789105650578e-02
1.385862762065618453e-02
-2.715444725397758163e-01
-1.382835769566901352e-01
-3.467711830410517143e-02
-8.344798411805957883e-02
1.184760254447416172e-01
-2.464294414671263922e-01
-4.317298163943074189e-03
-1.421669010317807083e-02
3.567197981206232660e-02
6.291291107632557278e-02
1.571379635118014262e-02
8.546375497661368170e-02
5.919142879957784223e-03
-7.680085229749880615e-02
2.773858621303134514e-02
-1.263001866227341508e-01
-1.454094834374369816e-01
2.146446015933088924e-01
3.673978198029590608e-02
1.239885688103906369e-01
3.280580681850321367e-01
6.644254412277023070e-02
2.788546197100488094e-02
-1.292231775076495559e-01
-4.429476759940519093e-02
-4.054076779690091864e-02
1.356175463658607083e-01
3.319859474067476945e-02
2.283880279393805945e-01
-8.629440978061802062e-03
9.241069569265369932e-02
-9.949685529523386723e-03
-1.865710805847675680e-01
-1.882044286395690713e-01
4.248906303528468542e-02
1.669405628648010786e-01
-7.816537640708139112e-02
8.230187798251110964e-02
-1.765477256682673746e-02
5.901279110952781931e-02
3.099559356497669782e-01
-1.070807444337224801e-01
2.491920350287547131e-02
-4.523265236936243466e-02
-4.984133741317960803e-02
8.558709728161575936e-02
-2.492458788685403617e-02
-5.798745342420624782e-02
-2.258985102554509627e-01
-4.749995936891195092e-02
-1.857634147887365916e-01
1.698514560286079333e-01
1.300644086332554926e-02
9.546467792361229554e-02
-2.449966708292060022e-03
8.736034155745341090e-02
-1.649077600834224916e-02
2.293894247745748571e-01
-1.285203670587209690e-01
9.767955184453482043e-02
-3.610038577512933618e-03
-3.046880494925617230e-02
4.934465561732110511e-02
6.890241870981865524e-02
1.638324168774773493e-01
4.224618057989099171e-04
1.755763391554265862e-02
6.698314127064801393e-02
-1.948898894903385720e-02
-9.657246976762587365e-02
-1.281036913328138238e-01
1.662276383301419247e-01
4.068329560664021849e-02
-1.447419965731214231e-01
-5.310840696438086372e-02
-1.077209404926217917e-01
1.819608605358810291e-02
9.865842422537099421e-02
-1.917975381172736752e-03
-6.073001812550096051e-02
-1.128044077769779080e-01
-4.646981037629830356e-03
2.784763676995983053e-02
7.046864934242452749e-02
-5.628816470669916611e-02
6.157783301312297342e-02
4.356314257557759861e-02
-2.989337336339737208e-02
-3.278952993493801371e-02
-1.857729184206706810e-02
2.003075360911980157e-02
2.156713293074933036e-01
1.653380503950822311e-01
-4.283392642571052372e-02
7.773129237563385086e-02
5.381315298722694207e-02
1.275437382381033879e-01
-8.638056598611337789e-02
1.240419483108410881e-01
-8.592244067366665294e-02
1.060710957014483202e-01
1.074891076017061783e-02
1.364346624914006822e-01
1.842473241345247426e-01
5.333046016233527337e-02
-5.328556271154109847e-02
9.563733005853201907e-02
1.068224147628867859e-01
1.405522741881540527e-01
2.890766103362431977e-02
-1.618987384939532190e-02
-5.073566772281147552e-02
-2.978212002855779375e-02
1.351516803747065121e-01
-6.593032875332614784e-02
-7.661707008542653630e-02
-5.749245574318444935e-02
3.174733746661256850e-02
2.714085018290367593e-02
2.203878419227063290e-01
1.780229838434451914e-02
-2.056411488012574451e-01
1.612307822117743927e-01
6.263172182288663514e-02
4.054524007330305435e-02
1.277268913945815154e-01
-2.410962384669391653e-02
2.003447488794427300e-01
-4.970925723077435077e-02
-1.726353649789992561e-01
1.540707703055698048e-02
-1.278368634547160099e-01
-1.002049016249969698e-01
2.745348893298797666e-02
-1.551550709447513388e-02
4.104435051277340735e-02
3.543894952480185906e-02
-2.777152528162575226e-02
5.064331575574979039e-02
3.391663782098550822e-02
1.897515292629653738e-01
-1.359515731879245015e-01
-9.196583480088338369e-02
1.930789305641095188e-02
6.457777180251333959e-02
-8.197156626403316604e-02
-1.560504703858620230e-02
-1.028742482225596666e-01
1.356700686099159281e-01
-2.483310897320551991e-01
-1.656580507238734901e-02
7.310601563547707016e-02
-8.998104025472068723e-02
4.781059795529733064e-02
5.431506580047185118e-02
7.290522845642419258e-02
4.936893299998446581e-03
-8.826244668344354616e-02
-2.605678314707727053e-02
1.230223034322983598e-03
4.405108809172411655e-02
-3.764389764136047336e-03
3.379367738532999821e-02
7.154731411036978350e-02
3.409854184572515962e-02
1.085375507086528274e-01
1.127398932058972236e-01
-9.749691672262771058e-02
-1.230514711873536698e-01
-1.756800712927735764e-01
1.235234332575756017e-01
-9.241645267120283946e-02
-1.195112205229979449e-02
-9.417602934441687834e-02
-1.898634055547645805e-01
-1.006802118583451644e-01
-5.011731320368379566e-02
2.642613467684524348e-02
-1.168520488586655692e-01
-6.990803086496015723e-04
-1.297474647797351999e-01
-1.973618909829658735e-02
1.496785909752393895e-01
-1.815387687662214089e-01
1.432421555575205674e-01
7.074442439965074325e-02
9.304474630494920240e-03
-2.199122514988656463e-01
4.117808446520209581e-02
3.365715527324637107e-02
-9.406599267524948238e-03
-8.701217785843409769e-02
6.209356306263809355e-02
9.737681982120462154e-02
4.213638625176781977e-02
-1.805281060617689587e-02
1.571079430464593640e-01
1.134240880926368489e-01
-1.537230552798649064e-01
-5.875732066090445099e-02
6.252120868181754686e-03
-2.146683208972716139e-01
-6.411868253987790256e-02
8.364128152140146155e-02
-6.286015504757945516e-02
-2.620989301426543405e-01
-1.210813466594495846e-01
-8.835204142695998741e-02
5.316464338394182032e-02
-6.540229783251198803e-02
6.330588639918488525e-02
-4.121317033518889089e-02
-3.615063017096067227e-02
1.229712143800504170e-01
1.008742087598492737e-01
1.453734028531938893e-01
-2.430201445643193417e-02
6.888129923583785402e-04
-1.552852156630449461e-03
1.820807602440396022e-01
2.722293608723761610e-02
-2.447052114330523775e-02
-8.885907297355362389e-02
-3.115290135306787375e-02
-6.175815188985443738e-02
-7.396269907733954430e-02
1.405219947492980515e-02
4.514277745978119427e-02
-4.964344779669381535e-02
-2.166565864698052207e-02
-1.515805274755917254e-02
-6.833412062234887896e-02
-1.752275364972653848e-01
1.808620624625035742e-02
7.683719516075605827e-02
1.120861387761677985e-01
1.177629076422898463e-01
5.975081624721682166e-02
6.236667962202966514e-02
2.124505869177257811e-01
-1.503883852927110631e-01
2.720321708444678119e-02
4.587450075855147719e-02
-1.902043821313861849e-02
2.174064000625999110e-02
9.876051338082317624e-03
1.032029743944564565e-01
-1.798400535068404643e-03
7.593097682769237890e-03
1.374784467988860760e-02
1.093116404206238568e-01
-3.915345300820776558e-02
3.334779576726510514e-02
9.856160259482774078e-02
-9.497633622905186923e-02
-5.489484271212775879e-02
-5.171697849418004089e-03
4.144903232055361514e-02
4.483455130762447650e-03
6.589200104927708801e-02
5.207965970528998477e-03
-2.808453764822697873e-02
-2.611037514121119715e-02
-8.487413242356160389e-03
-1.818965080133751536e-02
7.754378493077994372e-02
1.789578990883397558e-01
-9.258243153133344228e-02
1.152407442606196847e-01
1.775811256342650357e-01
1.007977960409437990e-01
-8.647096087097530526e-02
-5.949395739514684589e-02
1.388312423173541643e-01
-9.743634521033943396e-02
-3.071688625540753281e-01
-4.530235254894612179e-02
-1.965992640014538329e-01
-6.565637086864818672e-02
1.518164706353495319e-01
-6.642757853336400675e-02
-1.398783795433583728e-02
9.559153249853537260e-02
-1.818368501483762223e-01
-4.610543020739301702e-03
2.206717336792116679e-01
3.637821363804057129e-02
-2.062351651006233758e-02
8.536927357758675172e-02
1.162544856398648602e-02
-2.131931829513563845e-03
1.720814013606226933e-02
8.725052726482998566e-02
1.387390275376648163e-01
2.645639084063160576e-02
-6.511616529306078587e-03
-2.252090057752155136e-02
1.047759620516915680e-01
-6.493406692010132708e-02
-5.206255176217630676e-03
8.325844732637843401e-03
-2.646656603804417029e-01
2.814266359178626675e-03
-1.703976612949174574e-01
-9.533410396543963439e-02
3.050870168968926044e-01
-6.358280898264567771e-02
-7.603220741953009565e-02
7.351113340826316220e-03
1.521647995208210424e-01
1.162772911836964553e-02
1.459896027089779280e-01
5.432919357676770783e-02
-8.934013815406231449e-03
1.181310803367271317e-01
2.430532224443721426e-02
-1.580842786598901650e-01
5.273596008559373882e-02
2.823813612673929316e-02
-6.571193343000061859e-02
-1.257194482673938685e-01
-2.094311960580596058e-02
3.995150762753257173e-02
4.220760668717023906e-02
1.020897949834270318e-01
-5.894949010939251263e-03
-1.587301973914592990e-01
-2.178732736173251139e-01
-5.228652482561360094e-03
8.458984710813488572e-02
-2.075741318078799108e-02
3.516498970766579468e-02
-2.454772195191165518e-02
1.083747033758199196e-01
-1.218217235638283102e-02
5.044631974207795799e-02
7.273208201358953573e-02
-1.684865563730617022e-01
-1.438840507821750325e-01
1.732345570654887923e-01
-8.395142610231134950e-02
1.877867070515774894e-02
2.642791486477282653e-02
1.183313282080415418e-01
-2.103961663945350113e-01
-2.484015827437008328e-02
5.298570586626984852e-02
-8.315964252239034515e-02
5.833917648872970207e-02
8.868674453075506281e-02
-1.658313214028317717e-01
1.279716544103714215e-01
1.758302302764383762e-01
-5.511470787730025217e-02
-1.451614421676626111e-02
-6.323721816433322887e-03
-9.336804656376360145e-02
-1.152353422008806777e-01
1.190951104277577534e-02
-1.365461266854106626e-01
2.097312749241234467e-02
-1.111141317372179305e-01
-4.539802199429772943e-03
1.006121760127701020e-01
1.406318673511838813e-01
2.022584862637140379e-01
4.358229548262297637e-02
1.515593887856228894e-01
4.201688255316533838e-03
1.901165009449959364e-01
5.137622378813758856e-02
4.744784167489803778e-02
6.621466298836248265e-02
4.028876630038394357e-02
1.126322928847644789e-01
-2.272880013655744769e-01
-1.426860088943379679e-01
-2.728669601591837135e-01
7.989938166268636954e-02
2.237731681644307760e-02
-1.422541229881866542e-01
-6.261908414287839508e-02
9.466098481306446655e-02
1.011395290099248029e-01
1.250546003119376304e-01
7.566475107689617230e-02
-2.326081812025191167e-02
-4.291361119577194461e-02
-8.206657295242007766e-02
-6.327894508857165312e-02
-2.621198231256868447e-02
1.200746490539134764e-01
-4.595269668418167780e-02
4.818549517664793419e-02
-2.318682913666757911e-02
-8.446927703004390720e-02
-3.591472197815823164e-02
1.572996148959716067e-01
6.080055567253311172e-02
7.131034250172206546e-02
2.434807984366980094e-01
-6.326790926074457588e-02
1.262367865643917730e-01
1.385035646550691613e-01
6.874601228165250211e-02
9.587978283600094576e-02
6.792052020734351547e-02
5.992376552543961232e-02
-3.259966727415190835e-02
-2.348432784530503359e-02
9.556761884976935906e-02
1.080633867228830286e-01
2.637541025256389532e-02
-2.389163638700909920e-02
2.490036167009520435e-02
2.164053576068137585e-01
-3.094784937188542751e-01
2.746421441979863751e-02
1.985816757602125449e-01
-2.372218262847492487e-01
-9.666240491227186260e-02
7.677193170458014582e-02
-1.165276013816983064e-01
-1.323663150925083742e-01
-1.324723861901835366e-02
-6.608414535419607216e-02
9.689688342203885141e-03
-1.006518470378607415e-02
-1.029078033394242586e-01
9.380796440946430337e-02
-1.022559628719795638e-01
-2.159319740520573017e-01
3.978349403460834655e-02
-1.097063683716425486e-01
-1.079655273962265433e-01
-1.253098604685224382e-01
2.198524489696213405e-02
2.378928262955607442e-01
-3.058947604146332669e-02
3.704427007786833398e-02
-1.464824828072450458e-01
-2.248693337064739794e-03
-1.016501607233858545e-01
2.236285221672280540e-02
-1.210757158252567800e-01
1.275760307755925346e-02
-1.331789069405855952e-01
-5.139839718945762165e-02
8.362930476484357889e-02
9.261176377056798414e-02
-6.573103962509392606e-02
-1.529199818481050410e-01
-1.991151370545767019e-02
-8.432890139398971363e-02
1.151862795462942485e-01
-4.413903251066899486e-02
1.179377254587101881e-01
-5.723612058988018780e-02
-1.034718621154327861e-01
5.327011780114847272e-02
1.453640065158298966e-01
2.378787732946670563e-01
1.633272715463807978e-01
4.090040477876099451e-02
3.779572643331514242e-02
-8.589633786973360774e-02
-3.192574944914619572e-02
-6.807573494961071184e-03
9.842657129028492546e-02
-1.088562889917544796e-01
4.841472332717877691e-02
3.058689835765945192e-02
1.172282871060883157e-02
2.535639215882049546e-01
3.016069166195931017e-02
-5.744709105967156504e-02
6.143500501327602004e-02
-8.097875816958961803e-02
1.423116273068996129e-01
9.716937020953923809e-02
2.841748622143442926e-01
1.060617528408625693e-01
-3.495697869747197567e-02
-2.333818265508533218e-02
2.269537574892573628e-01
-6.950993716743473529e-03
-1.345323453767494626e-01
6.432711606222024647e-02
-1.137921871774148636e-01
-1.295906028788607334e-01
-1.442680127336919485e-02
-6.146228368822870963e-02
-3.157557470206873163e-02
2.061456268198654795e-01
7.282968988932154997e-02
1.014361534744281507e-01
2.353624437620091547e-01
2.562453644873859473e-02
-4.292801987259887986e-02
-6.904398100238537395e-02
-2.929530461121583954e-02
-2.213090914797450348e-01
-1.197446215595452113e-01
-8.108727342120418402e-02
9.711527830520148841e-02
-8.154310933550958096e-02
1.431434825305443748e-01
-7.330558967676230331e-02
1.010414041740064113e-02
4.166653814661314820e-02
-4.460396404982882451e-02
9.936678066596410508e-02
1.032987794540397852e-01
-1.790247238939639829e-01
-2.703124561601684059e-02
-9.535671110967389175e-02
-5.590101307855928348e-02
5.401270133536972828e-02
-9.642099232514673990e-02
4.210894742973918248e-03
-1.361742364904794667e-01
-4.600449978302038716e-03
-4.037842809282046058e-02
1.107229725156734929e-01
1.913219551847549979e-02
-5.713306611099060184e-02
-1.357273877928933392e-01
-6.457540570256975476e-02
1.470682545958319210e-01
1.326741090855870497e-01
-1.275634446793361687e-01
2.697997164280322921e-02
7.563646577737392906e-02
1.023965900125619471e-01
1.084320159604869743e-01
-8.665737912183847647e-02
2.446359592142599015e-01
-1.058260081689546689e-01
1.414812859399145091e-02
-4.782644485566862197e-02
-1.246270975954546778e-01
1.403877051967765133e-01
-1.606348585945614402e-02
-7.123950248195682743e-04
-9.627877263685223619e-02
1.598269575957220884e-02
2.478894754566524430e-02
-8.266284824839457979e-02
-9.454398896223464854e-02
-8.275920602298215620e-03
1.723305271874744360e-01
3.885403170818591684e-02
5.209633922368800407e-02
4.489932870537687720e-02
5.048991736471290792e-02
-4.906477815280241989e-02
9.732280576195143085e-03
1.315710977902751766e-01
1.244163688482102931e-01
-8.238068844430150584e-02
1.888741214801364088e-01
-8.306472902739263364e-02
1.434218826344473008e-01
-6.877439289965175083e-03
-1.189341141958851905e-01
1.297291255436353874e-01
-1.364711164047213154e-01
-9.704037409958289617e-02
5.315029758476753907e-02
-1.287875744752469964e-01
-8.567168921494468237e-02
-1.328271606304721152e-02
1.058466724720822510e-01
5.008419922706778410e-02
7.472981241270677810e-02
4.667202936653590262e-02
-5.817567059188812756e-02
-1.399478959915320675e-01
-8.409983058120759636e-02
-9.734728762972473526e-02
1.475047637800046552e-01
1.107019168122306829e-01
1.424243160691686253e-03
1.255245160758558798e-01
-3.066851849991030290e-02
1.879726671528688386e-01
-9.760100850327961541e-03
2.284758050483659819e-01
-4.245591485746582489e-02
6.968052434494786951e-02
-7.636464929671051005e-02
-6.558318608167677810e-02
2.085058849895738975e-01
-3.694754614238937585e-02
-1.487807151394820726e-01
1.727474098834137078e-02
-1.805558885143943026e-01
-9.713749370979293113e-03
6.705500544417802855e-02
1.386884347360013703e-01
-1.056369130702482229e-01
2.353905145385060474e-02
-9.086968106965678804e-02
3.535906109704197581e-02
-1.201326770003362243e-01
-4.818644712431033317e-02
1.566297126908772902e-02
-2.153295058420470753e-02
-4.690244409384435736e-02
-6.265612371650826351e-02
-1.998348288812961393e-01
-1.847647636293859308e-01
-1.196244240965819716e-01
8.178637124932651437e-02
-1.206924534598540905e-01
9.301056771789197042e-02
4.254794121306161407e-03
-4.926793201888930718e-02
-8.862010295863023690e-02
1.312339100453827415e-02
1.488017849457265451e-01
6.284148445604917366e-02
1.552862629898602020e-01
3.299640288482239784e-03
6.527846544343292312e-02
1.531282156009862623e-02
1.040160249058262078e-02
1.639956401488723015e-01
1.025945793654124555e-01
1.668464151468288144e-03
1.549703750363145283e-01
4.004624877021415591e-02
1.992929876796873390e-01
-3.033309589461680861e-02
-5.249876424786269202e-02
-4.450162248065515219e-02
-1.442529304184779204e-01
9.796217485347061271e-02
-1.711730511159771928e-01
-5.918126214397417123e-02
2.909633109448795090e-03
1.464531465633671092e-01
7.006442051805542026e-02
-1.443906720775738062e-01
-1.518447017358222073e-01
6.794738425186824804e-02
5.990559375184290741e-02
4.834947856146784573e-02
-1.137684244747953211e-01
-4.127214082610363571e-02
-2.923975055073474438e-02
-1.752183565135612825e-02
8.736479313831679513e-03
-4.446755994558390657e-02
3.170293310819315841e-02
-1.797993812774744127e-01
-7.339854095476019968e-02
-1.125993084829477048e-01
-4.639028290031748519e-02
8.317674093887651721e-02
-5.370518922725076721e-02
-1.286327590928778852e-01
8.653523734837632875e-02
6.589871243514092321e-03
6.491887020766963501e-02
-8.326375804778812784e-02
1.978929937258149321e-02
-5.861668538471389439e-02
-6.379561052316873315e-02
6.976559998457582470e-03
-2.542519237564440718e-02
-3.297864424456790206e-02
1.928644433103513522e-01
-1.024754472851320819e-01
-1.228764635452061216e-01
1.535905071354738971e-01
-3.481784231324382833e-02
-2.663061422041236928e-02
1.058277177339716491e-01
1.957381303524534377e-01
6.066623724767521847e-02
1.517436745729086774e-02
-1.870138160178377862e-02
-2.597751696546598751e-02
-6.544547965222775876e-02
-3.008805539656829453e-02
5.826214329773970330e-02
7.913843355752018388e-03
-5.208982558564811266e-02
-6.638722299502056168e-02
-4.173225951352377283e-02
-4.319487302236813160e-03
7.264740569569858031e-02
5.726606756540974369e-02
8.760282611784299400e-02
1.331886848828169045e-01
6.333224698309146417e-02
-3.569076641917426351e-02
9.664341684807711830e-02
3.629001231788465259e-02
4.039666190322475231e-02
-2.965187650399854144e-02
1.927694203310871546e-02
5.538570823151714451e-02
-2.280169993034332140e-02
1.674759273191093745e-01
4.862398557486515699e-02
6.603314595345066706e-02
5.122343445728460426e-02
-9.400757382377437910e-02
-1.550974534618682898e-01
8.383236783218460386e-02
-3.202173793459134332e-02
1.498542613097719745e-01
1.114962451196401111e-01
1.612499947628320551e-01
-5.596119583380934626e-02
1.598121261631053336e-01
-3.233967023479276948e-02
1.773682355815961731e-01
9.374035104703981602e-02
-2.135168925749011265e-02
5.075548073476888328e-02
-4.980875282382737218e-02
1.442271615494215564e-01
-6.654439623714604457e-02
2.510562359119169681e-02
-9.591935676865660787e-02
-1.097522641164662589e-02
1.882255593874303246e-02
-5.704475874961541931e-02
-1.640367790309342488e-01
2.245822970351239040e-02
-1.422272376485020640e-01
-4.564766856064625400e-02
5.436703890959418417e-02
3.069134042284830596e-02
-2.323169042275285978e-01
-1.410483300367819937e-01
-7.789327786701495671e-02
-1.845328749970860382e-01
-6.281008703780191493e-02
3.077068057818463376e-02
1.066041338824358191e-02
-4.520053614613136865e-03
-3.942650651134296802e-02
1.063911718273706682e-02
-1.872430911814499943e-01
-1.509828360693959981e-01
-1.667169403591054200e-01
-4.979240175235620514e-02
-7.828334755815923029e-02
-1.657880380578246049e-01
1.743547845072371816e-01
2.461225624427725855e-01
7.146082196597249026e-02
-4.746795987296466290e-02
-4.445672364564494383e-02
-4.199494197447536242e-02
-1.617704461708894814e-01
9.679733451683049383e-02
-2.905604919034439348e-02
6.883270765263881097e-02
-3.581880427238761516e-02
1.077170425871668141e-01
-4.989650215683033574e-02
-1.887723539735741349e-02
-1.772703931478025047e-02
1.794261134161127258e-01
-4.729349915023913636e-02
1.266519297813222811e-01
-8.025277901557498206e-02
-7.848350567283962631e-02
7.366605751679607475e-03
9.620325366152829294e-03
6.613500696159312076e-02
5.341479216727390567e-02
4.424272844140711425e-02
1.450990296112186217e-01
1.309461708458782049e-02
8.380351056740242832e-02
1.362357857669418970e-01
1.599978846774529617e-01
1.014637614759019285e-01
-9.432597193679932365e-04
4.908188674190662459e-02
1.429463747783144556e-01
-3.995089360699794617e-02
2.511611912720447537e-02
1.533440088383330735e-01
1.050432715310121133e-02
-9.882998501598920515e-02
-1.029415104400634856e-01
2.198814358499338178e-02
-9.490229001185525315e-02
1.782994609765006441e-02
-3.794643183255573538e-02
-1.618285841240409140e-01
6.099311362676818060e-02
7.419705856051600490e-02
-1.007611967417386817e-01
7.541843043019232085e-02
-1.244763103485564404e-01
-3.598018910695716110e-02
-2.427883838715921005e-01
-4.189183903615601584e-02
5.412748717031907325e-02
-7.695835757613012085e-02
1.607564712076936519e-02
-8.067474413391934052e-02
8.250588410363123015e-02
2.609740069669739815e-01
1.068930418091562778e-01
-5.667413057840088586e-02
-1.778573427922070654e-02
9.850977529993412696e-02
5.129533240151912948e-02
-2.747720934203953455e-02
-1.557111136887493613e-02
1.109731804138561345e-01
-2.042264752613429935e-01
-2.631653326131252069e-03
-2.845986420912893777e-02
-1.088789738029802417e-01
9.327916245580372689e-02
-2.445441989859418672e-02
1.496496872029251003e-02
-6.498049023831047044e-02
1.525155762538633886e-01
8.689512388054547454e-02
-5.426835232604320866e-03
-4.583060724500093164e-02
2.734233296927057744e-02
7.688123641584550250e-02
-6.870815506871563554e-03
-1.189889390393618351e-01
5.197892039944718157e-02
-6.450162063173542348e-02
-9.970934319907141796e-02
6.651109452417278134e-02
1.572297220141612439e-01
-1.128322011210690784e-01
1.013214436206597846e-01
-7.258850456333469647e-02
-8.280493709463640495e-02
-2.899456763212871976e-02
-1.056596941240326160e-01
1.184680231984043125e-01
-4.809573240412758077e-02
-3.048102402701541834e-03
-2.699225730566489484e-02
1.998482345866113910e-02
3.086045947972865244e-02
-6.309983262021701123e-03
1.127724140665158914e-01
-1.293272662824899166e-01
-4.016894058228870357e-02
5.630142855875848451e-02
-1.343416348190806520e-01
9.361275166836421913e-02
-1.240000825791368229e-02
1.030274032620634439e-02
-5.386658923802834648e-02
9.978055446168136722e-02
-5.135372460263690902e-02
7.858834313788302939e-03
5.412899125957887358e-02
-7.371456445231744370e-02
1.813500058492305833e-01
-8.677372399904549616e-02
-9.119269306532216957e-02
1.922374116754912710e-01
8.586580386561586120e-02
1.959614770099316339e-01
-2.011576364221042811e-03
1.366717354727272904e-01
-2.653484100305860197e-02
-8.675913433150581749e-03
1.131415378518429993e-01
-2.356591429043427763e-02
-1.113655960968287090e-02
-5.436843130244427280e-02
8.520845862180811969e-02
3.736216940667714398e-03
6.976213374089791641e-02
6.944627987984576534e-02
-7.176464842965026014e-02
6.803532370359452464e-02
4.266365475169902471e-02
2.069478221423508638e-02
-1.084594051978838847e-01
-7.121617644556739457e-02
-6.988987438006728781e-02
-7.490908761290818695e-03
-9.241616533952183576e-02
-1.555310687864789043e-01
8.796360933113336888e-02
-1.442898299610481383e-01
1.136859416562567213e-02
7.611508755495631495e-02
1.081790300507763508e-01
3.439657631748999512e-03
-1.727719369203602473e-01
-1.274556298930256959e-01
-2.604357184910025338e-02
1.948565011198099828e-01
-2.713735242556320620e-02
7.407244769914615723e-02
5.046956361025632665e-02
-3.580799716117871734e-02
-1.741667962763497265e-02
-9.026546680474339945e-02
-7.435182359826153498e-02
-3.330799576816659974e-02
-7.787023613351355678e-02
-6.116570950238155169e-02
-3.192761691116684231e-02
6.167871610891791784e-02
-4.397328954193802791e-02
3.188996269418926249e-02
1.049615204284809200e-01
5.385345101160728121e-02
1.734860890868659966e-01
1.892634181138156124e-01
1.558726145654121265e-01
1.432229428170468839e-02
-1.639415393836366266e-02
1.414831288666692222e-01
-1.026578194408973715e-01
-9.327329064182787732e-02
-1.121340040028059037e-01
1.002881563113880159e-01
7.508333470077979861e-03
-4.059932299537259703e-02
-1.504004640100829911e-02
1.165471963837630132e-01
-1.112618252284880288e-01
-8.539925747214906215e-02
4.099099867980524059e-02
-7.998062618929679957e-02
1.157792782163424156e-02
-1.543774637675715891e-02
-1.258625669118838830e-02
-3.164805099085374329e-02
-8.866105090794369759e-02
2.009864548192935862e-01
1.532458245369980598e-01
-2.139776354187365448e-01
-1.037850645766586061e-01
-1.940127191503126722e-02
-3.432757679101379467e-02
-8.718088095807063898e-02
-1.277657237375761368e-01
2.164437579047302079e-02
-5.563408397322131688e-02
1.014355841127756591e-01
6.641958956371417366e-02
2.752662599851291806e-03
-6.071175698378168673e-02
-9.021846145857613519e-02
1.884817289931131970e-02
-1.463902463031773460e-01
4.250856662169032879e-02
1.853214494087811193e-02
6.056616105321666749e-02
1.315620946996753360e-01
3.996604327961288811e-02
-2.796228759801349523e-02
3.506640540173469600e-02
-4.700971568976890225e-02
-6.862814074162211508e-02
1.744234328198815687e-01
9.459378535405825461e-02
2.728520943307909498e-05
8.559661317759746646e-02
1.053626934783304242e-01
-1.583207460239386410e-01
-9.889314335045658322e-02
3.624910298715222634e-02
-1.232642794817110782e-01
-1.317323144429946025e-01
8.851082704061430384e-02
-7.682984002330432716e-02
-5.968859257669330287e-02
-1.033451405490780628e-01
-8.253786181795298715e-02
-2.807618684133856429e-02
2.750475669270078041e-02
3.954171920053149714e-02
9.305435064670594669e-02
-1.233042308019639648e-02
-8.702814033172961983e-02
-1.177347917258022847e-01
2.909825324653930734e-01
-7.674519099917453957e-02
-1.999222756034846060e-01
1.869065226821571210e-02
-3.044761152676200150e-02
1.073245874728605137e-01
-5.492669656387996063e-02
5.493021149855407265e-02
-4.039496384370646481e-02
2.481104514748238773e-02
3.230895893522085782e-02
9.060014190855641969e-02
1.236841354334452525e-01
1.791741930589645648e-01
-8.349657606085313100e-02
-1.169287708669669162e-01
-1.283010345949868181e-01
-6.018131031674352899e-02
-1.985307902881296507e-02
1.767126628734725161e-02
-3.373377216797921602e-02
-2.658570676755503924e-03
-7.409817291891530010e-03
-4.823211324775309589e-02
1.932661804537363220e-02
-3.532225547300855278e-02
8.704611209699128493e-02
-1.316852491978767470e-01
1.987959545758782587e-01
-1.665468866520986024e-01
6.103092726535375157e-02
-1.170088445834387538e-03
-3.539123616788317217e-02
-2.417504587671094607e-01
1.590395392672971919e-01
8.642258826647382375e-02
-1.734158157161634801e-03
2.107524669072748380e-01
-1.227516030029966732e-02
-1.107537806227055707e-02
-1.143992370844953144e-01
1.663486898385332317e-03
-3.542280697193612299e-02
3.652166132537067178e-02
-3.702308237741517433e-02
3.455628346494863529e-02
-4.053180762213472003e-03
7.600205017983570344e-02
2.961200379170564334e-01
-2.102874388228233027e-01
-1.342088885159414303e-02
7.427434662749532457e-02
-8.839176001102948266e-02
-2.765230739694779158e-02
-8.020600452515361245e-02
-1.148899763520205008e-01
1.285251999924045749e-02
9.794678500946021882e-02
5.122659179700904397e-02
-4.301819311888059605e-02
1.272419835905122358e-02
5.425301452327260104e-02
-1.124650212934249355e-01
-3.197584055520815566e-02
1.088227520967792877e-01
1.553319754677574827e-01
-1.024297442405465962e-02
-1.587373985374545549e-01
7.023376403794845402e-02
-1.287484096931280908e-02
7.181138350045677965e-02
-2.042921500128902224e-01
-9.873156973472820008e-02
-1.037645643570592607e-01
7.851046526904428835e-02
-6.114408027925637840e-02
2.499943441029686131e-01
1.089023952814826696e-01
-1.288948287714624958e-03
-4.734339142368700765e-02
9.993557630823445004e-02
6.327971603981272231e-02
-5.517601324955450151e-03
5.089835208189139731e-02
-1.032237279478839392e-01
1.303311871216686069e-01
-1.311007087975007979e-01
1.352358115667812166e-01
-2.587644509163418947e-03
1.455252334965054413e-02
6.311065503415001776e-02
-5.812400379432188652e-02
-6.593841325660901309e-02
-1.088648200163877255e-01
-1.483088953833849311e-01
6.042894754760961412e-02
-1.507112255003241474e-02
-4.513087907406642535e-02
-1.327432285589839611e-01
-8.142685072629152199e-02
-6.052916174179011344e-02
1.144789486833216047e-01
1.809861677285565240e-02
-3.555511787431102355e-02
1.155681798882533529e-01
4.071931452677046009e-02
2.114676762718931818e-02
1.656200683012908764e-02
-5.463192518919415125e-02
1.501892693561993758e-03
-1.276328308440379498e-02
-1.186350626207617262e-02
-4.858567625150508884e-02
-8.214983755120660799e-03
-7.887608584202959391e-03
1.032214505161361678e-01
-6.099816165474636342e-02
-2.216058398908076488e-01
6.001934265978431382e-02
7.893537863661539977e-02
-3.817365968850722213e-02
1.440715531230567781e-01
-1.623569269166215134e-01
-6.707097716611228055e-02
1.057603274757178274e-01
-1.997844573384204361e-02
3.106697827715947102e-02
-6.758920787384554985e-02
-7.952164628207798736e-02
2.087361868393348974e-01
7.450564003502867932e-03
-3.294462313628453154e-02
4.297848987980821406e-02
7.567271573679763830e-02
-5.170453901599289526e-02
4.035894684782659336e-02
-1.949155909608713821e-01
1.568423300160398659e-01
1.549680476028092169e-01
-5.312932506406323196e-02
-1.263635097616813974e-01
5.316809627364730423e-02
8.201481169445309916e-02
9.176146580337198044e-02
-6.621058493261960942e-02
-3.248760840526943028e-02
5.542343513409484640e-02
-3.252341093785711401e-02
-3.063761094321502607e-02
-9.419139893741512726e-02
-3.606022457337800728e-04
-3.255773532595495484e-02
-5.629256894418616791e-02
1.029011854616638244e-01
-1.513367285561580122e-01
-1.410046692669703061e-01
5.954796667103651187e-02
1.501332048434215749e-01
1.045161304219796028e-01
9.280084212875784611e-02
-1.087142590880268572e-01
-1.792021712028515346e-01
1.200725571422659177e-01
9.244275880312941007e-02
1.349233798948881180e-01
-3.966366058153882566e-03
1.631071729261520664e-01
1.094316654197501071e-01
5.498949380909720630e-02
4.755655354437232640e-02
1.431412582842141179e-01
-2.209249900674702116e-02
8.696349710067026451e-02
-1.328228339063008620e-02
-4.890797758810074697e-02
-3.037615873591132526e-02
9.801755231865846851e-02
-1.164434343297412189e-01
-1.009443524230366346e-01
-7.684302508889791217e-02
-4.467203203906643105e-02
4.493111034389074554e-02
-8.208306900074596735e-03
8.803015993006195472e-02
-5.356792923536100870e-02
6.901933692334029369e-02
-4.264636973458730412e-02
5.349528256906452978e-02
-1.113884219518352682e-02
2.852143916339377680e-02
1.032104621524971705e-01
-1.793865076732876762e-01
5.177044949875095337e-02
1.307588214527970021e-02
-5.150857695033058542e-02
-5.783029536132805459e-02
-6.503401519364231109e-02
-9.103466494614763371e-02
2.711286265970810558e-02
9.894752620544341321e-03
1.051615859806967652e-02
5.198654209635206885e-02
-9.533888001115356503e-02
1.367515187974548962e-01
-7.272925121959503657e-03
-3.251039995921935211e-02
-6.374402020005366654e-03
1.531158612952809861e-01
-4.718922659476230096e-03
7.624126795758282005e-02
6.821149227054898456e-02
-2.038906991795559065e-01
1.131003903260110188e-01
1.412496215423462709e-01
7.269961650015770160e-02
4.614555654949104024e-02
2.368575748667956643e-02
-1.180449865340664761e-01
-3.329382944769975622e-02
9.692675523531213422e-02
7.832135069191784038e-02
-1.657935861033471292e-01
2.782235906942542858e-02
2.403678254258976091e-02
2.453024352262296315e-01
4.136697396610217875e-02
-2.122577361007880747e-01
-9.001173060330562928e-03
7.115223851553578033e-03
-1.027982584651556536e-01
2.595892416158870897e-01
1.113029911078154341e-02
3.450281176006179257e-02
-1.067846753598606681e-02
4.060110720394322775e-02
-6.169996342812712753e-02
2.039648600295758396e-02
7.687300088672376075e-02
1.215506531813856372e-01
1.127692454069241790e-01
1.017669863397888119e-02
1.403226528689236197e-01
5.668577843600051264e-02
-6.408130078556657783e-02
-7.209948538263141748e-02
9.822692208619272780e-02
1.035128816743775826e-01
8.072227078875407469e-02
-8.548476734925243570e-02
3.112055760768786365e-03
7.775690968576336182e-02
8.505059892991186088e-02
2.875693682530225045e-02
2.478900386089816915e-02
4.351024774388546901e-02
2.019981487587104441e-01
1.754979116904229960e-02
4.961765472719550929e-02
2.779044591260140459e-02
-4.729113476452103532e-02
7.275104844232374579e-02
6.538987701518915452e-02
3.316419186516911949e-02
-1.479666359972943712e-01
-3.172696429524325679e-02
3.512622639511645689e-02
1.727036625781306137e-02
1.101413331589910782e-02
-6.576050548404799301e-02
-7.794053371723472234e-02
-4.888299005570290179e-02
1.560400256696775068e-01
-5.569844108315911285e-02
-1.945751863999038711e-01
1.517480896878192209e-01
1.020227719469150446e-01
-1.204811178336516742e-01
-6.038311103243464151e-02
-2.297147664618882368e-01
-2.850309515081985226e-02
-4.927059755621355369e-02
-2.930039423925376654e-02
-2.642872949766698551e-02
-1.825406101798557612e-01
9.518017545118960532e-02
2.329770312354501605e-01
-5.205961975158349304e-03
-1.448637521198885836e-01
1.719388088336828643e-02
-1.174181633994478835e-01
6.446884671096320130e-02
1.106800349510560499e-01
-5.768806356363868904e-02
-2.398077768367669685e-02
4.804583064360843508e-02
-6.128205377668386605e-02
-1.097245719330052285e-02
7.407261472686884479e-03
5.651666685472605395e-03
1.254393035508508981e-02
-5.038783474450661548e-02
-2.331863111759775384e-02
-1.337246481304671664e-01
-4.401972590751785513e-02
-5.286718484357006559e-02
-5.854702405233008777e-02
6.933870688878410182e-02
6.825050635205939797e-02
7.600729480499829327e-02
-1.693546054423319680e-01
-1.120285643334991777e-03
-7.852215963133378496e-02
1.183100137372361665e-01
6.334897245590712100e-02
-8.272506741786021800e-02
2.884265441791376838e-02
-2.314648718437530839e-01
-4.244475824457981383e-02
1.867841410075310460e-02
-4.438419414352359760e-02
-1.113787066604707277e-01
1.250731991280326083e-01
-8.133302411691192835e-02
1.549959797820336105e-01
6.798738367861772991e-02
-8.350370563948746050e-02
-7.712904768127309962e-02
-4.424561254494828455e-02
5.134043100307286722e-02
-1.186048578885665616e-01
5.846152597857473543e-02
-2.181598366923932497e-01
8.233144309148896986e-03
6.356306520820297068e-02
1.751520568173665082e-01
-3.174540425158670076e-02
-7.667383227254381817e-02
-8.693845681390854896e-02
-1.698925836931807209e-01
4.285824335314243616e-02
1.222756518365424871e-01
-1.630498458323141886e-01
-9.662534759612510793e-02
-7.842437711376738785e-02
-7.488854302773707838e-02
-3.590596108027181710e-02
-1.259878952724643730e-01
7.027976298030283453e-02
1.165993372862744459e-01
8.204533575483360930e-02
2.043640545623635896e-01
-1.755051386313304096e-02
-1.550468890450310833e-01
-1.275928771542356455e-01
-5.871816376306132623e-02
-7.140225273622913260e-02
-1.054301292725198652e-01
1.076004056014212285e-01
3.269047981117408769e-02
-1.122917752295942845e-01
4.598418938477949469e-02
3.287138449719526762e-02
-4.686320290489495721e-02
-6.680566232197741872e-02
-1.114920482960616854e-01
-4.674443163272152396e-02
1.634370397059543567e-01
-1.370412781531645530e-01
-2.000337710097647992e-01
-1.855762557404948970e-02
-8.968138035104034067e-02
-1.141822792338694215e-01
1.830868532997495524e-01
-1.330759428747703699e-01
4.733907630054681043e-02
-2.413456073569252708e-02
1.333054311083911314e-01
-1.943238930993786140e-01
-4.727100181428437603e-02
-7.939686173493848420e-02
-2.527273589571195078e-01
4.020958321455093271e-02
-2.466638893356704206e-04
4.103590921077546888e-02
-3.048691614132298736e-02
-8.047944068719288524e-03
-4.356498521481801112e-02
-7.999079496352512475e-02
1.130830355102509927e-01
-3.765446745954915270e-02
-8.284578571338215014e-02
2.032800724872571574e-02
1.828492710816846945e-01
-9.759088295413313741e-02
3.686477020728268911e-02
8.494524002723394251e-02
1.405427744780188976e-02
-1.352290594021840486e-01
3.516981974299844115e-03
3.405004368920901137e-02
-2.525981332550392491e-02
-7.741057467451908924e-02
1.256980898900003640e-01
-2.761496891966612188e-01
-1.079657690342597925e-01
-9.056677724630250725e-02
-7.213932592674975053e-02
-7.127477085910532972e-02
-1.161732703605343753e-01
-8.809125014895496930e-02
4.081561015187926134e-02
-1.186022891487973491e-01
1.703515366310596191e-01
7.055659567099865914e-02
-3.682644104399532270e-02
5.885177728080535214e-02
-1.885979779382533639e-01
1.269760360467294021e-02
9.670188882408937980e-02
-1.751853171702898171e-01
-1.440941635033431978e-01
-6.861638236365498467e-02
-3.416892329711496146e-02
1.271818187532176847e-01
-8.214847387326973394e-02
4.949137919648071565e-02
3.610714039360123084e-02
-1.597883862964727952e-01
4.208020402321649422e-02
-3.623885401586397076e-02
5.009027245364734010e-02
-1.513599322512472756e-01
-2.886538790928070558e-02
-3.863889977524781472e-02
1.502579468080201541e-01
-1.081970020801638205e-01
-8.729698667440800863e-02
7.254854988424394580e-02
2.113975404592343121e+00
-4.206664910078449227e-01
-2.052130190690214295e+00
2.404872222275174831e+00
3.251043371227698486e+00
4.734457030429112256e-02
6.685665397072368399e-02
-5.588140902421433187e-02
7.359109910215837214e-02
-5.307992416862242213e-02
-2.268759462366574942e-02
7.927712017072655049e-02
-1.735279064781955760e-01
-7.188854631417668228e-02
-5.466901309363485922e-02
-7.763232144355955433e-02
-6.012078881970649852e-02
7.885364293773353475e-03
2.146297065915155622e-01
-4.393241227994327397e-02
-9.513463304918708119e-02
-9.615551510823346082e-02
-8.409536652147887870e-02
-9.920665755829778665e-02
-8.732218782783743999e-03
8.138739648407271321e-02
-6.786186822171194621e-02
2.456259257165051973e-03
-7.004198209491291349e-02
2.682135326589536652e-03
-3.214757052981894597e-02
9.329707502142403630e-02
-2.766833650667926622e-02
-1.092296596163057215e-01
2.509210235370880684e-02
4.677244139283390223e-02
-8.433961325712589774e-02
9.397167484083737699e-02
6.211139804914227180e-02
4.509820250380179585e-02
-1.129888397076481976e-01
-9.909276550384835125e-02
-5.452245484687871097e-02
6.723515307423436060e-02
1.184467202504810857e-01
1.781349756406198359e-01
-3.607792865616323702e-02
-5.541259195298654794e-02
1.480526990602992199e-01
-6.071929787779911832e-03
1.300634435144260859e-01
3.597661912472602252e-02
-1.083547146273814016e-01
-9.570362023960256315e-02
2.423939058460657103e-02
1.288028155749864345e-01
2.033134067426207725e-01
-6.565768191290470568e-02
1.194158167530140480e-01
-1.087691959363007166e-01
-5.186938535192370942e-02
1.681488634993465224e-03
-7.629783248969523868e-02
4.562033181982955848e-02
-4.582591426085364655e-02
-1.999306426423631822e-02
-7.791411935234861252e-02
2.046494509599340039e-01
3.307831156378204102e-02
-1.441452473913943655e-01
1.076139478638693109e-01
8.185668417104137451e-02
-1.465866210603887151e-02
-5.768633081852262562e-02
6.367513882082630194e-02
-3.802398720821157513e-02
1.036934694929274314e-01
8.160984869740166292e-02
1.228033499746289253e-01
1.269450440695951143e-01
-2.911678265275378236e-02
-1.384521518973236831e-01
7.088835096784583401e-02
7.382441351771261429e-02
2.025108776633180174e-01
-2.124047834253914996e-02
1.199624845857550498e-02
-1.216019080013869703e-03
-1.383097188479491535e-01
-2.122031351741621857e-02
9.196209362048693436e-02
1.095172721083383927e-01
-4.753163660581609731e-03
2.553361507946719580e-02
1.502147205706038657e-01
-1.299308039157613948e-01
-1.111267086037644597e-01
1.788453694902364388e-02
1.571518893683007401e-01
7.537029507845841546e-03
1.468739566363882754e-01
-4.728198746495485688e-02
-8.268721223047525992e-02
-5.248596397398881674e-02
2.698626692806342375e-01
-7.613750453072598567e-02
-1.946891790369592035e-01
1.145913460206410099e-02
-2.609950786442091081e-02
-6.414011188542487196e-02
-5.667493293975693625e-02
1.932879766973723823e-01
2.542951514455389986e-02
-1.962478695293334331e-03
-1.196118246429100501e-01
-5.669826939940923738e-02
1.425623243335780999e-01
-1.935124517067935432e-03
-2.594089049945718095e-01
1.935184721271745178e-01
-9.501687368423005625e-03
1.239365350286383838e-01
6.216615291764871799e-03
-1.443015753176200150e-02
4.655066125408504479e-02
-4.770576402458658744e-02
1.227808670127817775e-01
-1.588465778008403551e-01
-1.299175376568881268e-01
1.177776029262324609e-01
-3.751965654890052678e-03
-2.001264855172152010e-02
1.083736969357380203e-01
1.362538931971124523e-01
5.330885740327447053e-02
1.106247685995038477e-01
-6.548493898786386658e-02
-1.179946034957067708e-01
5.307291905359149548e-02
-4.059219272238789866e-02
-6.435115995386814225e-02
1.418336344572601881e-01
5.458889793045841599e-02
-1.203769447899770140e-01
1.989384568501723419e-02
-8.182174091550541151e-02
-1.165506482642704733e-01
1.479304389729425573e-01
4.310095774889394216e-02
8.674577644946511457e-02
3.931986375188116500e-02
1.122412860160550974e-01
-6.279652883897561544e-02
-1.690920621189979101e-01
3.202929223588541624e-02
-7.478426689044105624e-02
-1.076881554111659284e-01
-6.942728198469287626e-02
-3.839168934582535414e-02
2.125145081754663615e-02
4.383457928826449347e-04
1.052333520880712608e-01
2.563844227787825392e-01
4.160300193292148369e-02
-1.401143045521550112e-01
2.002624696108515345e-01
1.088117350693153795e-01
-1.354254935857081288e-01
-6.620334522804720810e-03
-1.421838571063389622e-01
1.444724360984671330e-01
1.032330479106213644e-01
3.381483030654761773e-02
-4.307841279766424364e-02
6.727128468731222166e-02
-2.710780648826994210e-01
-4.350937538950198219e-02
-8.083020136938917632e-02
1.082693905089595655e-02
7.036970932872629869e-02
1.185227484360214384e-01
7.482412196791407566e-02
-1.444021665125322651e-01
4.788181400327204407e-02
2.910183803633981450e-02
-1.657933051588793283e-02
-4.192886183640580355e-02
1.069962356476531797e-02
6.429788857745137587e-02
-3.098211102784264107e-02
7.616818580883596979e-02
5.709397351082869110e-03
-7.797908366935502045e-02
-1.342808289487317230e-01
1.210949908685368254e-01
1.112827386272970259e-01
-6.507711248159310513e-02
9.264676389085372762e-03
5.823022149814563453e-02
-1.587653022247522694e-01
1.454774311743211590e-01
-7.411981639026567203e-02
-8.539905411445058991e-02
-1.880739742548709070e-01
-1.052434142831124436e-01
7.031586107456490320e-02
1.458796181255373825e-03
4.321842733087598656e-03
4.015120033436671981e-02
-7.488078553379097502e-02
9.512922120757687228e-02
-1.253877637387265376e-01
1.005749056056830931e-01
3.880529864451032641e-03
-1.320904628527256319e-01
-2.078659637499657153e-01
9.955214356012420662e-02
-6.744661419178078765e-02
-1.629569012595276367e-01
1.731278112844627376e-02
-1.116183800807875603e-01
-1.654489215477290018e-04
3.225637038392653588e-02
-1.832016381626346696e-02
1.718395192751080436e-01
9.873955435428700272e-03
-2.560884016380108111e-02
5.388638781280423451e-02
1.221179297775933873e-03
8.948170936757418592e-02
-1.178206700688776004e-01
1.405090285689667429e-01
-3.559013871780766780e-02
-1.944889327541171331e-01
6.507614294815340650e-02
8.242976977775287595e-02
3.735135548311613318e-02
1.275505029752237729e-01
1.276497339197262826e-01
-3.057215235842400958e-01
2.847075260629727475e-02
1.788297914952412249e-02
-3.208270269874733543e-02
2.499163380395534508e-03
8.600884426748041378e-02
-4.820464016300272936e-02
-6.320040125853799984e-02
-1.227408369967174367e-01
8.907474326689510113e-02
1.991577252133165665e-01
2.053396536420827312e-01
3.393701225122962295e-02
-6.008254419738634500e-02
2.612322805788198574e-03
-6.861131009253787494e-02
1.323842177467280876e-02
4.749680382230645620e-02
6.866297652560446330e-02
-6.858417758955383248e-02
7.175157852660585256e-02
1.027863007155407626e-01
-1.235037961598580425e-01
3.032517384845415456e-02
-1.579171378966416281e-02
-3.406143367617896212e-02
8.435117356501051211e-02
-2.751593336249336108e-02
-9.602501389210657892e-03
8.935975435534483646e-02
-8.407669807951449747e-02
3.895183750020848185e-02
-6.379954086072914254e-02
4.627456938834426797e-02
5.104868834057151028e-02
-3.238213867211769265e-02
5.603858356278777070e-02
-1.839123187536300871e-02
5.480736246240484194e-02
-1.959214816016869448e-02
-1.807537879730241326e-01
-2.839337223735559530e-03
3.830838437835454302e-02
-1.284082940910386272e-01
-6.937422474205529044e-02
1.233390329415168657e-01
-3.255567965940416031e-02
4.935696165035748095e-02
-5.159773270285189506e-03
-1.693962952317260018e-01
9.025414688475115466e-02
1.742986509785147131e-01
-7.012307775577297786e-02
-1.129542706103221911e-01
-4.843822443312691128e-02
-9.249117341509080492e-02
-1.031300991434407205e-01
-1.382215979539087002e-02
-1.310425350881258000e-01
-1.030980828378450648e-02
-4.491088953244297410e-02
2.682264868089205903e-02
-1.352207661439644715e-01
-1.111871724843003229e-01
-4.799169568678383208e-02
1.497006928846600637e-01
1.031991615652892325e+00
2.013521205521203505e+00
-3.905841998433306816e+00
8.161067451523980054e-01
-1.431024676266666296e+00
-5.277406861583670838e-02
1.769887462393697139e-02
4.549426687627616817e-02
-2.660627199780594282e-02
-1.173806888265357777e-02
2.236648289781013876e-02
-6.299794211342375772e-02
-6.778937627127420984e-02
-3.344500646758037654e-02
1.046603725342872167e-02
-1.334505931786993393e-01
6.872431590996073286e-04
3.489643725371341376e-02
-1.102758450690744102e-01
5.553273128457049401e-02
9.813303221397952358e-02
-2.089787187614311204e-01
-1.100890359390170742e-01
-6.707561948303668309e-02
-3.329037606625053630e-02
-3.008836434628660728e-03
5.137031372321219230e-02
6.068809374113083577e-02
1.487620819897518543e-01
-5.413115092913121235e-02
1.221109946707500671e-01
5.805761926153533981e-02
-6.989470652630383474e-02
-7.197719437120758679e-02
2.534220256640881686e-02
9.701703913797933565e-02
-1.574666188004786582e-01
2.776473116199531035e-02
5.635478173624310083e-02
-6.914322422224904868e-03
1.037916416572713663e-01
-4.894055628367113830e-02
-3.940359685523975308e-02
-7.239607716649633373e-02
2.868056957145629152e-02
-9.048327828674898599e-02
-6.836378278821268750e-02
-6.385050765962375918e-02
4.475585759463917429e-02
-1.596234272298294177e-01
2.632032795197694879e-03
-7.234188437488038581e-02
-8.300465424581730811e-02
3.149843540920008178e-02
8.380982836912335976e-02
-6.476066768383487160e-02
-4.724025337288818849e-02
-2.670382664759132080e-02
7.114889570958250753e-02
8.932349872963241122e-02
-4.508337842480946399e-03
-6.748671945339583533e-02
1.037074978992197916e-01
2.152228584543883494e-01
-6.623799372351632693e-03
3.171625843784113552e-02
-7.525175250620472212e-02
1.027418754651293793e-02
2.494750362098119637e-02
-3.940058766776698140e-02
2.667162963929360642e-02
-1.527964036421393737e-02
1.750408172074739005e-02
1.377921986001727668e-02
7.888149388980647547e-02
-4.723423149109438196e-02
-2.286449666201815500e-01
3.326664125683121559e-02
-4.597141434729003456e-04
2.296681893819726983e-02
-1.734767149529614083e-01
-1.514643826528498140e-02
-2.499860207929609224e-02
7.523195196282372876e-02
5.218447811474111186e-02
-1.477228658454355914e-01
-2.255253963541509546e-02
-1.138864479318015543e-01
-5.218904741914161954e-02
-2.392348238803690685e-01
-1.082459588391344596e-01
6.267975816265196343e-02
1.582541860563654174e-02
-6.428698882784232571e-02
2.125404634050174352e-02
-1.873689498707593664e-03
-1.904977469700997184e-01
-9.123877372125871466e-02
8.810552308034598837e-03
-1.238196170693915132e-01
-1.168732027392889276e-02
-9.684679922776219529e-02
-1.800237809867929984e-03
