4.857688601881529067e-01
4.423674065914248166e-01
-1.853164620078038949e+00
-1.162738114808999024e+00
3.526748575672872255e-01
5.074305415922264473e-01
5.829426595934077138e-02
-6.898516903258371524e-01
-8.736401927134389289e-02
8.797679431792214677e-01
-1.170131947556613261e-01
-8.728162461349034396e-02
1.434397770108223336e+00
-9.496594964730677990e-01
6.294227014552912225e-01
-4.866464854384021099e-01
-2.785029609471741940e-01
1.225001512476961318e+00
1.796804218501774908e-01
-2.217116476749746851e-02
-1.583168595752679542e+00
2.494306025922508940e+00
1.623100609026947971e+00
-1.455474360309256809e+00
1.559133952652872912e+00
-1.455093341950207009e+00
-3.848567925124841138e-01
-3.531107750556883862e-01
2.292534250891839598e+00
-2.035931771103213439e+00
1.081020820195576659e+00
-2.725377759192947891e-01
2.006791315994826685e-01
1.931865889953588433e-01
1.502928444827454912e+00
-1.937844336582964511e+00
1.065628620835683105e+00
1.147817640505429226e+00
1.212144929853912423e+00
1.410240472965197389e-01
-5.479972872620113566e-01
3.935321139474333152e-01
2.062584271663842728e+00
-7.998919590848664607e-02
-5.019517854009017954e-01
-1.444446002282724795e+00
-5.656512867713554549e-01
7.557565744493907056e-01
-1.575299405623835636e+00
-1.505531092083717715e+00
-1.230426732953543878e+00
2.429713062737750839e-01
-1.735690647823911137e+00
-1.045635988523256454e+00
-6.258728084748060860e-01
-1.326539524356711297e-01
1.091913150906812235e-01
-9.339267981986281164e-01
-1.637560405418336584e+00
2.870659015129261027e-01
-1.000057114050590945e+00
4.088774376224418861e-01
-2.550082256798236746e-01
1.297198683738236991e+00
1.397401681069472712e+00
1.511256153762517318e+00
-2.593458281551712721e-02
-8.378963187758695641e-01
5.490346142712073663e-01
2.729904445161022153e-01
-3.583592822682257761e-01
-4.273938194888085018e-01
7.947901355875043594e-02
1.157157375427749546e+00
-8.916709422017229381e-01
-2.426904934855522278e+00
6.081264592766228994e-01
-2.340378681935269878e+00
8.324293135028579815e-01
4.617516091757011831e-01
-1.740984580361526479e-02
-6.585597927572437449e-01
6.410732307389498397e-01
1.042477096002162984e+00
-1.912708340694476261e+00
-6.231010456669091591e-01
-4.871865354854181263e-01
-5.103745041506571045e-01
-1.611101572784832126e+00
1.744602771213012327e+00
1.203904463205717867e+00
1.887443698786766655e+00
8.974350594368922795e-01
9.544287368715475076e-03
7.834988851802920928e-02
1.595234521165524721e-01
9.799335989351409815e-01
-1.348747727161495380e+00
5.642761080489638870e-01
-1.164769921360037541e+00
9.579354994814125446e-01
-1.927270968274376328e-02
2.742695330349549376e+00
2.266727837517347854e+00
-2.459971787171832069e+00
-2.279145448742801339e+00
3.079417307758269134e-02
9.238947856675348014e-01
6.625303585660856365e-02
1.068851655108126186e+00
4.156670220336347032e-01
2.933983272111030383e-01
3.725304686257649989e-01
-4.723683202059727471e-01
1.029414576544520177e+00
6.847507829745222985e-01
-1.920457313220463869e-01
-1.035902002894115048e+00
-1.365767211538400083e-01
-1.764540271746725342e+00
-6.779023072883113565e-01
-1.538116121748976939e+00
6.223488334586670945e-01
-1.350784879369496316e+00
2.723949886963776379e+00
1.454924984790700870e+00
-1.852879200129075865e-01
1.368133749911636943e-01
3.365379348069951621e-02
-5.224961992323955418e-01
5.861085017163299993e-01
2.087314886797513869e-01
-1.483142351894638500e-01
1.936543230322655074e+00
-1.102125531444376083e+00
1.496532136923156120e+00
5.520296410482912197e-01
7.522136078499239709e-01
1.035440351000011860e+00
1.487530824535650664e+00
1.160016128243390288e+00
5.197371106059629486e-01
1.691148301975593737e+00
-1.549135425503407548e+00
-1.258131570148880884e+00
-1.156378291255419466e+00
-8.530109841506350321e-01
3.702194688545172863e-01
-2.637842035156815701e+00
1.016969678070583777e-01
-1.216728276469025150e-01
8.118544032726618953e-01
1.618654397132814671e+00
1.154303930326111699e-01
-2.808382687416712820e+00
1.561179223404258964e+00
5.596770715052054035e-01
-1.489184625195179024e+00
-1.299240410229295650e-01
-8.866918788830758791e-01
1.011652203579447518e+00
-1.998729423873021771e+00
-1.097326303631963457e-01
-6.251609340508452739e-01
9.902975228196736479e-01
4.950712741264828853e-01
-8.473683556273636786e-02
7.145799171876773270e-01
-8.718242710298718112e-01
-1.262723884316034884e+00
1.756268421917394962e+00
9.440638233662193568e-02
-1.304835850122434415e+00
8.888730624406301906e-03
2.051413155547354705e+00
-2.135417564359578246e-01
-1.601248024626861666e+00
1.009477512718930825e+00
-1.645702531273113625e-02
-3.109923687760282607e-01
-1.544924225071416801e-01
-9.002605855047384198e-01
-1.202562789868806048e+00
-2.519647863645698482e+00
-3.095713011394986558e-01
7.173470894556557287e-01
8.621705239484948047e-01
-1.567453931445495163e+00
-4.074272376715107336e-01
-3.168845699970594676e-02
2.187426176422337665e-01
-5.375938512425307847e-01
-1.375319062901679379e+00
-1.228200915955953931e+00
2.691775389705070687e+00
1.262154453748025817e+00
-1.681678874926904488e+00
4.797091261899064096e-02
8.451485708156663001e-01
-4.435546662572884546e-01
1.496439175221575546e+00
1.633286288512473261e+00
6.188702276043822614e-01
1.317273789831307496e-01
1.069912999176409807e+00
2.629745716077899753e-01
-1.404317833243493352e+00
-1.246530681421049724e+00
2.330043259375924047e-01
-3.677370278943968840e-01
-8.218265133412250290e-01
-6.152648383218314310e-01
-5.932743281605271646e-01
1.215178634635781574e+00
-5.304032439324055659e-01
1.185624846216269734e+00
-3.266791256017871625e-02
-6.008645967244816699e-01
-9.144637240902415698e-01
-1.482390612213170256e+00
1.409277991337507752e+00
-1.278031615947734512e+00
1.067420124413128280e+00
9.871956847922208622e-02
-1.434887063218629022e+00
-4.616472132202769502e-03
-1.570885178743509081e-01
-1.424043920438807231e-01
-1.478610848172641767e-01
6.148650508359009281e-01
3.799157368692533954e-01
6.415630607258510087e-01
-7.326108383963850779e-01
-7.011232251227305090e-01
6.667591393023927226e-01
5.201191761444617923e-01
-1.566338130187024280e+00
-1.370268221758843774e+00
1.186184720027795292e+00
-1.323550632654427739e+00
2.498344874989124886e-01
6.166303431584462258e-01
-1.659759546466138547e+00
1.603058534145946901e+00
5.588741795302869519e-01
1.008111165850496205e+00
-1.375407140081988666e-01
6.471802384377559614e-01
-3.468407346389223433e-01
-3.516511129759659626e-01
-4.346181294775690040e-01
-1.512558335577727453e+00
-3.634460025110556880e-01
3.556744618085248139e-02
-4.973216917443344376e-01
1.656791168865926922e+00
-1.253932757985106450e-01
-4.745555027750223420e-01
5.741941678144336231e-02
1.510949944685114454e+00
1.627688499574873326e-01
-4.721323904855149189e-01
2.832192771938034648e-01
-1.087388264932432902e+00
3.000034833764988473e-01
-1.604657453900135256e+00
-2.536762849794795827e-01
1.078175845757286311e+00
-1.449470964900059222e+00
1.126377507154446844e+00
-8.366886014917812586e-02
-9.627773148076589349e-01
-5.226978352678275375e-01
-8.397923704527701094e-01
8.412877860441196898e-01
2.962356848030705536e-01
1.449777417759605003e+00
5.094338946462294571e-01
-8.473863801204439827e-02
4.723145470553556380e-01
-1.186264187806369275e-01
6.274998851622530793e-01
-3.225252551204785267e-01
-4.006487222280264993e-01
-6.366389634574020073e-01
-2.103995324589732208e-01
4.391196809550990676e-01
5.122365859983055714e-01
-8.431235645660611899e-01
3.455147396331736398e-01
-1.748714200449077161e-01
-8.347749065137438640e-03
-1.396529929735965680e+00
9.916565712249685305e-01
4.719563207607225253e-01
-4.203632636818327994e-01
-3.329977741192514662e-01
1.216035270603117446e+00
3.854299420726822745e-01
8.693173546279761021e-01
2.388863222164783751e-01
-2.851211030664311696e+00
-8.285326508770980425e-01
1.304495365307809518e+00
-4.427459549616653556e-01
-1.946065672655450607e+00
-1.266823865425535489e+00
6.227031142982468737e-01
-6.508934760762574712e-01
1.166148978424422999e+00
-1.235308936398673785e+00
9.079408186340516274e-01
1.101327748763356179e-01
-1.079733281785767884e+00
1.472492188287880310e+00
1.585674569413630053e+00
1.985209000895743703e+00
-6.687383936297941478e-01
-1.337781402582621793e+00
-9.091272536234877577e-02
1.502583798924698455e-01
-1.543510797253870304e-01
-2.052451916112063568e+00
9.455876526364976886e-01
4.196845068731122064e-01
-1.306012482201331260e+00
8.580713704027757016e-01
-3.386845384433955219e-01
-2.577528660631812560e-02
-6.760037888635019865e-01
2.173146838387383234e-02
9.868879416695112983e-03
6.812126237189823907e-01
1.026590100318183207e-01
-6.955523509499255130e-01
-6.788399025746381932e-02
1.382984758774001399e+00
2.337689375444406414e-01
-1.475318739349669173e-01
-3.533426222779340597e-01
-5.212028817852113471e-01
-1.329405523925562271e-01
-7.968596155007605375e-02
-6.633746085903804435e-01
-1.369036085912894940e+00
1.034680481359206539e+00
-1.211533274698283646e+00
-1.728420127469317835e+00
9.121685203354893412e-01
-1.079618106634547159e+00
-5.611288317823980298e-01
-5.625067903484969323e-01
3.763228977997843394e-01
-1.304734776909254990e+00
-4.939604283036971855e-02
9.398190947639169235e-02
6.725980797480469731e-01
1.400360134707363313e+00
8.812403362383487704e-02
1.386096309625430845e+00
-1.165249267086392981e+00
8.125793845124363868e-01
1.490883384740141482e-01
1.724869987207283240e+00
-5.321560280901797002e-01
-6.059457480367709259e-01
-4.704238731532183748e-01
9.193052066153726276e-01
1.867306681197791418e+00
2.546141377632937797e-02
-5.052941632771926761e-01
1.439226611694368607e+00
1.430983264658893528e-01
-5.904543401494952715e-01
7.785337603983262245e-01
-7.211542000507255024e-01
8.088228993346721074e-01
-2.450519802299333527e+00
-1.752294379021239745e-01
-6.873424687159788160e-01
-1.308093921009644722e+00
3.582568243994117552e-01
3.828873680392318180e-02
1.218797860799847976e+00
-1.787465281597224953e+00
-1.288237206280137936e+00
7.130909930810169772e-01
-1.047158387335340057e+00
-5.680776959805176052e-01
-4.369980292888904772e-01
7.013533055611408384e-01
-2.863247696357860139e-01
-2.588289186696087207e-01
-6.264219822462293585e-01
-1.637817333241093909e+00
4.010045368067126081e-01
-5.041862591379016045e-01
-7.086528056682772636e-01
1.150394909702806112e+00
-1.906616482310558691e+00
-1.991899491830420588e-02
5.133404581536866740e-01
-1.432419504754744999e-01
-9.613588012739879840e-01
-4.057438713503791483e-01
-1.429428737415098793e-01
-6.060898834539842905e-01
-5.274271829347034757e-01
-6.138419557793669545e-01
2.651123510716918083e-02
-4.772684461977441672e-01
-6.272077400015168003e-01
-1.857399944398493707e-01
7.223378159987396963e-01
4.036300826285373344e-01
3.853896507579919750e-01
-1.112955643056129817e+00
4.777239474318674683e-01
8.267219748921896816e-01
1.986689891001397201e-01
-1.846611195637463121e-01
1.157368191324545714e+00
1.743779999470794484e-01
-6.871469658913175182e-01
1.191555149318681561e+00
1.454232272521704727e+00
1.107557742165782066e+00
1.164545128899795001e+00
2.039716207279078208e+00
3.458983850894167822e-01
7.061823563915697877e-01
-3.675395280720473480e-03
8.127777577994796943e-01
1.364001612783150019e-01
-6.538507937965681860e-01
4.631796992556345693e-01
-4.282927772676616840e-01
6.264021088098750134e-01
-2.432530801549762867e+00
1.856185440967657307e-01
3.623588382061500579e-01
-8.744327202636760221e-01
-1.078387215927931075e+00
-4.643590768257760751e-03
-1.156181914698563240e+00
-2.501869940181182805e-01
5.131956947654073842e-01
-1.707914361372609324e+00
-6.896235676597615161e-01
-8.438122438565419658e-01
-1.153499670500962360e+00
1.485438956559062662e+00
-2.611653585730520533e+00
-1.764343986243931406e-01
1.689727351663952715e-01
1.821614951772501934e-01
-1.626356619706288142e-01
6.239467839262428095e-01
-3.371322005734356808e-01
1.792920897415493320e+00
3.093624988913932783e-01
4.401743502550579668e-01
1.420315470248491918e+00
2.430869345724651631e-01
2.013703889063972463e-01
2.500814234479551978e-01
-1.271899507811402374e+00
-6.854403068094855334e-01
-2.608079726527131603e-01
8.333689457151342850e-02
6.241393934589535286e-01
3.568325731214639918e-01
1.018256053171814335e+00
-1.211608423954828040e-01
4.660863072879461999e-01
-2.751201938743565445e-01
9.749299161055862140e-01
1.102990979946859573e+00
6.389678810599440650e-01
4.573714486796361944e-01
-5.975369008947487570e-01
1.011131330859721844e+00
-2.355948423100080735e-01
5.294153075195590086e-01
-1.468105582891500172e-01
-2.464794785850151632e-02
-1.527935454970696716e+00
-1.319386643854927987e+00
-1.088405981227658748e+00
9.581497461789976189e-01
-1.472638265187641071e+00
5.774921041737772764e-01
-7.149483638857625500e-01
3.297383842218924443e-01
-2.784395787473217809e-01
-8.633303811537997863e-01
-1.631170521899667714e+00
9.463117788925975438e-01
8.982715397093465892e-01
-2.331004973094578936e-01
-8.158298522641076189e-02
-4.697560042823073490e-01
-5.609148964038441765e-01
1.068708762082872937e-01
2.073391498386045473e-01
-1.314299899469019428e-02
-8.942488740002042524e-01
6.734753398025278281e-02
-1.375858755800993150e+00
1.662778730292283624e+00
-9.968792919104800532e-02
-6.499802670548854300e-01
3.141401354943014201e-01
-1.077653742197147269e+00
3.816070009241606664e-01
-1.412308593429324050e-03
2.600950578931136459e+00
6.182982406557331334e-01
-1.401296862229117757e-01
-1.226591935400717787e-01
9.084557413508782542e-01
6.363798643691380708e-01
-1.686149291746736223e+00
1.055388570745940280e+00
-2.231229370513903909e+00
1.207387999884197011e-01
4.695324924936801203e-01
5.158696538292767420e-01
5.581925872696562596e-01
-2.280248810954036420e-01
-2.527641979227746583e-01
3.780337681791995363e-01
-1.561148619127549209e-01
-6.708693608235947181e-01
1.698226071991420505e-01
-2.670109474168848585e-01
2.706466749652532422e-01
-1.295489553741100419e+00
2.156597243479465575e-01
-3.313413687162878873e-01
3.470592744652489792e+00
4.884908480268251862e-01
-3.821511667706997128e-01
-2.337575282312473579e+00
2.620116515874802987e-01
1.557182594549907151e+00
1.229582045239694832e+00
-1.062487471675372497e+00
-1.069184050520138873e+00
-2.483110277849585323e-01
-1.410255796546756146e+00
-5.037260061624176943e-01
2.043325766237853891e+00
1.048866425956296311e+00
-1.258176440757135861e+00
1.081678323740771219e+00
3.517149515520533176e-02
-5.085375933033410289e-01
1.350386382325195367e+00
1.786212644454623133e+00
1.409887926792437185e-01
-1.073781931207223206e+00
-4.811198651228986711e-01
1.513665686045662317e+00
-6.815859370015587837e-01
-1.594075823794034674e+00
-2.096613986218546888e+00
1.026230447873252238e+00
1.683934617727080307e-01
-4.025637920381929247e-01
1.516115940976212162e+00
1.182247195572618148e+00
1.894062286153634034e+00
-1.448610814787853751e-01
2.987061758133926354e-02
2.396638623071100371e-01
-6.485424060789815592e-02
1.500849251956757821e-02
-7.280637122810234008e-01
-1.687289960668395539e-01
8.864859379846311283e-02
2.477035532477821489e-01
-9.347711576572050873e-01
-9.100517202488432877e-01
-5.847082124013364135e-01
-8.406179659959983619e-01
2.142168634158982954e+00
1.615565066167388819e+00
-6.271893954967740215e-02
-1.287132792294537253e+00
-2.062886327463103076e+00
-1.010858473525229062e-01
3.332274311662765560e-03
1.675363462761025324e-01
-8.791592885894459197e-01
-8.725695100182830899e-01
3.300702793796243539e-01
6.421217511318918492e-01
-1.164463138755439386e+00
1.212923603991275801e-01
2.112184227808809656e+00
-1.262385220595833468e+00
1.282805295307754889e+00
9.139653202067128390e-01
3.188727989223037462e-01
-1.941947375684329513e+00
4.945150673803236918e-01
-6.611171245036244759e-01
-1.133562420098808143e+00
-3.195380468022236964e-01
5.555845828134169384e-01
-1.244507584461656657e+00
5.488932002913839980e-01
1.589639447963288932e+00
-1.073242106478427216e+00
-1.903991868879955085e-01
3.206869430361712903e-01
-7.353879806710553746e-01
-8.881603775712665350e-01
-1.236213974045851760e+00
7.580766003424359578e-01
-5.071898144445691203e-01
1.729516027740842565e+00
1.159496781077525851e+00
-8.361283185374011051e-01
1.033612440985199221e+00
6.481418502175989582e-01
1.350460595357763749e+00
-1.845751610900458139e+00
-2.200267368224356090e+00
-3.773437224758621755e-01
-8.024614398357537981e-01
9.180938691410437391e-01
-2.933827905303636463e-01
5.500343137763118451e-01
1.765988006522468234e+00
-1.515728316897740680e+00
1.259083551361526832e+00
1.174784225647375058e+00
5.150690830072969240e-01
1.145720457307536133e+00
4.671881616635824575e-01
-1.042653007397748022e+00
5.308038717747681767e-01
1.519587272381536014e+00
1.685318661459160039e-01
1.565175870381204370e-01
-9.139715802659682531e-01
-2.504931474147588100e-01
2.112477056676071441e-01
-3.382950072063372060e-01
7.797457185772527222e-01
-8.179135752532775694e-01
1.735652012307052683e+00
2.265483745670493487e-01
-1.453548729031969744e+00
1.301603178967440710e+00
5.852535195856816141e-01
1.244740009321511964e+00
1.096385605801125235e-01
-1.032893465572960245e+00
1.157707733435967334e+00
-1.268503660862292826e+00
2.155790435451347409e-01
5.413816976071694764e-02
9.733041250028919011e-02
3.278373914344220874e-01
-4.014889792736431873e-01
5.824744195502199462e-01
-3.603583164153564278e-01
1.664689676057014012e-01
-9.322698017442589968e-01
4.591556476052969793e-01
1.597470182038792874e+00
-2.748139365202536544e-01
1.055424802276576868e+00
8.168257859684074917e-01
2.306828870359286798e-01
2.569191105584208157e-01
-1.298170285265895174e+00
-2.704928078023051130e-01
1.797146121601570501e+00
1.061804625892635467e+00
4.426586877163589118e-01
-1.229306232824677048e-01
4.506881779574114510e-01
-7.361716111196412449e-01
1.504180433928809790e-01
5.259172974431193248e-01
-1.660650446351938370e-01
-1.024047057293288043e+00
-4.086574537717690969e-01
-5.783439462160997468e-01
-1.011596264734947459e+00
-1.248669128362137393e+00
-4.117449707680613247e-01
-1.179542606026185103e+00
-1.719647839995025018e+00
-1.101871254854731363e+00
8.995488727830867060e-01
-1.081688910364612788e+00
-1.925663224225296899e+00
-1.347176163898514245e+00
-1.135697331597157606e-01
9.944178962053786819e-01
1.286870198740844629e+00
2.150685883847460733e+00
3.339799354947092791e-02
3.694506843032070442e-01
3.269408671835084546e-01
-2.828427142191473065e-01
3.454069269762102268e-01
3.235903279090129869e-02
-1.898071876779964029e+00
-1.903917943841622051e-01
3.311341774830373064e-02
-8.372335811271965911e-01
7.124930423276778502e-01
2.544966045891713935e-01
-4.489691184935893919e-01
3.379279895640470155e-01
6.848978402200269766e-01
-1.023627895392817067e+00
-1.262499873120164873e+00
1.182572679614593225e+00
-1.705768193401572042e+00
-1.889139569182630929e+00
5.350182458795106344e-01
2.562281023643042666e-01
-1.785035845888319983e+00
1.926682565360988253e+00
-6.148730551833325730e-01
-1.235465882427959183e+00
6.742006614867063208e-01
-1.406047003630850112e+00
1.862894281041173938e+00
-4.977677470386667746e-01
-1.955555091574575854e+00
1.681706543283855160e+00
-3.955030243182930394e-01
-1.932218042075708464e-01
-1.594142501031530434e+00
1.175651154772639595e+00
6.409002981694460477e-01
7.034227954478061706e-01
-2.078040590018978673e+00
-9.738992333469120855e-01
-1.441523833929518439e+00
7.355825238682307532e-01
-9.562977139597385046e-01
9.669971284117846455e-01
4.978477782659302409e-01
-5.055848393020114795e-01
4.705251894101950549e-01
-3.954767289432810640e-01
1.941820106629912335e+00
-6.862306312496507799e-01
-1.500896939346938908e+00
8.097819887613433298e-01
1.971478256164553300e-01
-2.162458672409108777e-03
1.176936261752395296e+00
-5.774484025543435289e-02
1.192431095386436324e+00
-1.923427584987259964e+00
8.326199177681361530e-01
-4.954125286784120674e-01
7.663728787565681211e-01
-1.339235100384532418e+00
2.864478374191278265e-01
-5.244596689641235487e-01
-1.322295219586969495e+00
1.491230021315439913e+00
-1.788396467535487977e+00
-6.421955374099781455e-01
1.540938806163771012e-02
1.374464384906460168e+00
-3.831262694363393728e-01
-2.616612615652901819e-01
-9.400487648300636101e-01
-1.179011846048425127e+00
1.196966943357800295e+00
3.140061498136749396e+00
1.593458863418490523e+00
1.119710431054874222e+00
2.569953455200679193e-01
-1.590554615586404319e+00
8.277758380248214642e-01
7.082405292303641797e-01
-1.098489101070240448e+00
3.554901571422616202e-01
2.586191822405415341e-01
-7.436733405831233990e-01
-8.777250705692497545e-01
-9.440322560942573937e-02
-3.446637580058483641e-01
1.418425958328376035e+00
1.577785133910153959e-01
-1.013253812641938145e+00
7.399014184886669454e-02
-1.241849141787911392e+00
3.688090561876806173e-01
4.140596765977306304e-01
9.109442096381752396e-01
4.586948346362272333e-01
1.729335955357688137e+00
-7.820938282756337845e-01
2.063243621551626439e-01
7.014042284637179714e-01
-2.599035961402248462e-01
2.763235116912188705e+00
-2.147172118789593964e-01
8.301683241219457443e-01
-5.722562577336913758e-01
1.256996187793425479e-01
-1.382134792943283896e+00
-5.507927516080587393e-01
1.925459896265231119e-01
-2.134462496768296358e+00
-8.792226831837615109e-01
-2.438573972255360101e-01
-4.552931526409471075e-01
-3.915447942815295512e-01
-7.634531925491157001e-01
-1.192504201032319688e+00
3.580499599372973796e-01
9.683170854970497565e-01
5.096312833311640311e-01
2.296169710141315878e+00
7.580001185249666262e-01
9.768152797450382341e-01
3.830990134720806961e-01
-9.881921297329115950e-01
-2.989153979599782351e-01
-1.131249172112382073e+00
1.173628752976020984e+00
-9.287867258556233852e-01
-9.025625710825193604e-01
-4.269686384328300055e-01
6.816848964331599925e-01
-2.573268818027169558e-01
-8.675973809335744136e-01
6.243082411658806841e-01
9.794381473114619485e-01
-9.360239546138501288e-01
-8.806876669802650159e-01
1.286286000434551102e+00
-2.222514177013121373e+00
-1.953161013317220862e-01
1.365953276513623527e+00
-9.626198302001499618e-01
1.655463474110286271e+00
-1.447563614970082124e+00
1.418850704694980258e-01
1.779184210721127757e+00
-1.466508426587957437e-01
-1.026490445236497351e+00
-1.407377673985149569e-01
-7.214256982843295085e-02
9.753684349871574177e-01
2.645886038725027145e-01
9.722939520224083143e-01
-2.115289083205969423e+00
1.138224183327405603e+00
9.477589896992710816e-01
7.591599824915389039e-02
-1.197426320619387363e+00
-6.395237265705532304e-01
-1.410219375040764112e+00
1.173075877615241236e+00
4.496467208849160291e-01
3.912377265935313431e-01
1.073234947704613917e+00
-1.860172765608401613e-01
-9.916462315042694486e-01
4.779373815870647246e-01
2.999540753133034254e-01
-1.114302368388006004e+00
-7.858655879869868022e-01
1.021137949796055988e+00
1.052164507638815166e-01
-4.282003340189013962e-01
-1.231440161808930345e+00
6.697887412486098757e-01
-6.300236940251283668e-01
-1.625951778454620467e+00
1.514357561671573205e+00
1.664727513361914601e+00
1.460579394755886051e+00
6.093768614211815260e-01
-4.898310057077374102e-01
-1.315033534374263624e+00
2.551870304560155400e-01
3.580100346212073403e-01
-3.236364450618353095e-01
7.905237914625471429e-01
1.530943168863093895e+00
-5.965751856752520288e-01
-1.494517148601749668e+00
-6.941326201954843844e-01
-1.094591894659480147e+00
5.779186466746105699e-01
9.557269926416714356e-03
1.355834508956633933e+00
1.714147314327905569e+00
-4.056711770526280070e-01
6.213273466457692740e-01
-1.336844219799183220e+00
1.970427995747036753e+00
1.657135860673942584e+00
-2.551836211561681278e+00
9.101211597323867197e-01
5.420542059013142566e-01
3.774573089731682041e-01
-8.963709420718227738e-01
6.973667606081856984e-01
-9.619529421828565408e-01
-1.031283074292305590e+00
-9.952862945386967697e-01
3.471270834246421022e-01
6.849714254944985203e-01
1.124193058490244035e-01
-4.838963021291598499e-01
6.659217453964999534e-01
1.066617763772725658e+00
-1.255538006981526067e+00
2.496859875574499288e+00
1.522723640373721210e+00
-6.159397420643395460e-01
-6.259693345301436951e-01
-9.620777724351545213e-02
-2.521705962053858663e+00
-6.631660023036788365e-01
1.119006879688604350e+00
2.280059156528440600e-01
9.927832773338943761e-01
1.696774037736555607e-01
-1.270553936588916688e+00
-9.268069682145025912e-01
2.757675587122083716e+00
-4.543590255617780405e-01
-1.164450661875451765e+00
9.839784342237958281e-01
1.966325619235432254e-01
-1.343473783499827823e+00
1.574824588947050796e-01
-1.023421832499894421e-02
6.181877836619191768e-01
-6.775327683725133054e-01
1.088242793841783351e+00
6.380317184885512249e-01
-5.733621896282404817e-01
1.240397631500013143e+00
2.220645326172458744e-01
8.555969761383755978e-01
5.138869628057576300e-01
-2.695053237969074478e-01
5.164042767153258218e-02
8.084548522740263587e-01
-9.173126301342717781e-01
1.046747281699151877e+00
5.339843499867269472e-03
1.511159708889073805e+00
2.570012441936738168e-01
8.448771583932174201e-01
-5.530224772922467391e-01
1.782009029097113006e-01
-1.466823208648521781e+00
-6.504099267330931688e-01
1.344776683949698404e+00
-1.541059542759539491e+00
1.223625617798973497e+00
-2.176536305918042924e+00
3.289639325090155109e-01
8.101010863822132313e-01
-2.223852980648311495e-01
-1.525979192297416631e+00
6.551226310277663556e-01
-9.635124951165874307e-01
9.625117854864426725e-01
4.703076300631045537e-01
1.811277237632035186e-01
-3.633340100802758821e-01
-1.639271771217221396e-01
1.143901576255062613e+00
4.755762818273386872e-01
-1.607740638939182620e+00
-6.036145096057314863e-01
-9.285358872772652150e-01
-6.550239546980712868e-02
9.181986455938232483e-01
-4.964770486190178134e-01
-6.019484752208090761e-01
2.209754382432788766e+00
-9.406805496728394278e-01
-2.749284723505799471e-02
1.793233136688227036e-01
1.445026441827909292e+00
-3.112914734555727869e-01
-3.947449472672611703e-01
-4.018156356926361750e-01
9.369892766677352380e-01
5.802938123810611470e-01
6.881588847049161517e-01
-1.324150802134718349e-02
1.097338095464804653e+00
-1.099932205456939815e+00
-3.298014010351011938e-01
5.456861419039868988e-01
-1.132692314160586244e+00
-1.674169754432036195e+00
-1.307015740401646253e+00
1.089245833551934384e+00
1.066470915369936101e+00
-6.231400933807914461e-03
1.604239677232952577e+00
-7.588387656923011315e-01
-9.816527692320561327e-01
-8.360180373376070451e-01
-1.685419961544929235e+00
-4.317053782777064419e-01
3.520520670500791316e-01
2.036588077695732080e-01
-9.194872089774276669e-02
-1.723929012114391979e+00
3.901629486546930314e-01
4.992543911877164176e-01
2.709414284899208658e-02
-1.028975531158731194e+00
6.382397235780735700e-01
2.995628670912629798e-02
-8.419521342402014330e-01
-2.196476023003460565e+00
3.910983548024963286e-01
-6.562077376549964036e-01
5.537664584682531199e-01
8.046931128961166690e-01
-1.669297380342763093e+00
-1.621688039346594890e+00
-2.414237379278690865e-01
-3.577323425732623630e-01
-5.674817685766154751e-01
8.108770808472073321e-01
9.019310082384899285e-01
3.070618482286480155e-01
9.502056467993558186e-01
-7.905506013707174207e-01
-1.986460888283300974e-01
-1.248169228401475372e+00
-9.215710948477218167e-02
-3.515246525107552089e-01
1.566534974537790170e-01
1.431559399060224891e+00
-1.863720584200888153e+00
-2.420578956238749413e+00
5.307187373670084751e-01
-1.112487542262838858e+00
1.931978318546733464e-01
-3.995834098139455226e-01
-1.109125295107274145e-01
8.124071781239894374e-01
-7.191927610179967845e-01
3.726907323809375838e-01
-1.816980548758589720e+00
1.081512790554049058e-02
-3.539625035053542423e-01
-1.115104212881422141e+00
-1.329764259360445844e-01
-7.002854848508396346e-01
1.257746489094209441e-01
3.053614885323444605e-01
-8.544312340602177036e-01
-1.476735713760061408e+00
-9.956333083641472070e-02
7.791634864825653928e-01
-3.759432256604669509e-01
-5.244090490077131239e-01
-1.344276526244265302e+00
4.206817245298190011e-01
1.806029119383681492e+00
1.320464877081979127e+00
-4.337104150947579950e-01
-5.284633784491382658e-01
1.828447871108377143e+00
-1.711444549313968722e+00
-2.253413963058375380e+00
-2.138865615116949837e+00
-4.667579904867600327e-01
2.698891875430538545e-01
7.605846888359364399e-01
2.937580606843411268e-01
-6.071715422863296352e-01
-2.316398476331080758e-01
-1.363259387450968863e+00
-9.255236746489104993e-01
-2.992923618761647586e-01
-3.688181398143650092e-01
-2.405684571653160742e+00
1.733514888058131920e-01
5.182186213227010230e-01
1.031607995394532518e+00
-9.961780094561302201e-01
-1.322658487975234554e+00
8.827811961651321759e-02
1.279596605130829179e+00
-8.298953140628515524e-01
6.167842351709935667e-01
-2.095435888421590120e-01
-2.578017372476373859e-01
-2.281500607915235013e-01
1.594480821365401368e+00
1.058623282714720393e+00
1.377102086068690001e-01
7.804718311692060428e-01
1.037037701681094326e+00
4.953777028515363723e-01
6.029510158428634803e-01
4.403685950498706717e-03
4.055408891635772228e-01
1.470699134093270466e+00
-1.113379138221093578e+00
-3.718119312742335647e-01
1.627253340582877073e+00
1.030395319153994960e+00
-8.594337240429761327e-02
-3.707882678603787729e-01
-6.142885762586015874e-03
-7.260064718200224254e-01
-9.417759151310446386e-01
-3.331781582906115924e-01
1.455101184266257119e+00
2.247437399824722126e-01
-3.416413828585443402e-01
2.263953680839651539e-01
9.315711655751396369e-01
-4.558765340434922653e-01
1.304172764457266931e+00
-5.592586113473968501e-01
2.542800916523940136e-01
-8.358319064196909620e-01
-1.742731068773474556e-01
1.768182790285244554e-01
-1.127293520037752073e-01
1.612178127846366271e+00
-7.475954501428131449e-01
-4.389949232613703928e-02
-5.964082883967529725e-01
-1.853839148995621022e-01
-1.408721974165201507e+00
-2.428899399840546980e-01
-2.287365761820622900e+00
1.756447606981568765e-01
-3.220707192274768205e-01
-4.882675827805842972e-01
-1.806042737668407616e+00
4.306301563134234955e-01
1.206951528328100265e+00
-1.673300641119213950e+00
-1.187041600058352797e+00
-2.372801524728403777e+00
-3.520880359296839623e-01
1.985189987183259008e-01
-2.923093134984153796e-01
-3.869366728780968684e-02
7.571026900155535255e-01
-7.101507664566228950e-01
-1.361219651227883354e+00
7.836524377220956128e-02
8.376046026866671435e-01
-6.445275372985206364e-01
-1.440432172621885221e-01
6.541971471948012651e-01
-1.589230038248964638e-01
1.279681404687298851e+00
5.870948953500101375e-01
-6.755672653634421376e-01
3.174113349793339367e-01
-6.355456370790126819e-01
-5.498388432679046645e-01
-1.000574539110553163e+00
-2.484659351119774318e+00
-2.010623014887138016e+00
1.381144856532198428e+00
2.229009882542504206e-02
5.667911653035055952e-01
-7.154537801911642347e-01
-6.728862494443018649e-01
2.313126135835847919e-01
-6.954829236611538568e-02
-1.988600654835172676e+00
-1.388976098510788793e-01
-9.034775722774637252e-01
-4.821470873877328200e-01
-1.277378984025078212e+00
-4.835171104819156462e-01
5.378889609660167936e-01
2.475280502816809003e-01
4.960114771682605506e-01
-1.120765928425490054e+00
-5.215883520722520705e-01
-1.491853154385164970e+00
9.048767475519585712e-01
5.544521094985380705e-01
-5.572423380462061537e-01
-6.209064347897871317e-01
-1.076304913550899800e-01
-1.859139508191429035e+00
7.547095295635596335e-01
-9.518971743860746848e-01
3.576748482941650709e-01
-8.508572681838938445e-01
-9.187852399619764743e-01
-4.517046679728720093e-01
-8.015960313175318763e-01
1.090145913034425096e+00
7.462191426828990171e-01
1.530570330355263964e-01
-2.572786300413326455e+00
-6.247220918700385761e-01
-8.408534962965337201e-01
-6.726555830102289857e-01
6.882551962892271558e-01
5.325708495095412554e-01
1.666630966905144617e-01
2.746247990597189270e-01
1.283506677593345691e+00
3.310656188390664889e-01
3.938619887462238567e-01
-2.845218930169554294e+00
1.320121863566361131e-01
-3.792473727659866345e-01
9.757863045515517975e-01
-3.387678689042137314e-01
-1.446061654780094463e-01
1.877980884835456221e-01
5.812280083877501280e-01
5.387301497409180406e-01
-1.002166280632445172e+00
9.048552391594416600e-01
-1.203393069173966490e+00
-6.501526604251590680e-01
-6.864348224090173478e-02
-4.969327747421062313e-01
-1.597827900188731221e+00
-2.105943738185259928e+00
5.738058081552348533e-01
-1.046934926748277039e+00
-1.262767807198817982e+00
-7.175115942387370049e-01
4.881534088585789966e-01
-7.007228548636586229e-02
8.756647710494309678e-01
1.757532084595499144e+00
1.946804010090330106e+00
2.700102753014154700e-01
3.071728565230417152e-01
-5.396464006749202014e-01
2.178132866358170272e+00
-1.569698574092619481e-01
1.426892295693290125e+00
-9.058204699455850717e-01
9.561625257898223595e-02
2.387758030877688668e-03
-1.063075462415922212e-01
4.638421141489246224e-02
8.980586267027450553e-01
4.094927043163329450e-02
-2.029911388403099481e-02
1.016564311029374057e+00
5.826866263338172439e-03
-1.862985219620911570e+00
9.114415856431810070e-01
-5.196452182402530040e-01
-5.640989550722269597e-01
6.149902608204450560e-01
-8.310325111583058977e-01
1.493004858879556362e+00
4.549146703081534127e-01
-1.582296662443279378e-01
-2.784323418649168325e-01
-4.928823365735630069e-01
1.915242502426889759e+00
9.419147448840385906e-01
1.688191455003947627e+00
-9.022933345072824407e-01
3.417330348162071485e-01
-4.125815384621981385e-01
1.043263893924209068e-01
6.416305449188562937e-01
-3.528075448968463756e-02
-3.082628257355593870e+00
1.243916369040072745e+00
2.507499095135138134e+00
4.269197180246580570e-01
-2.005389261972008619e+00
-1.213291848152895591e+00
-4.964367840013927946e-01
-6.812091849612781358e-01
-6.745003056079763581e-01
1.296535611869801041e+00
8.667418337780895543e-01
1.419604626819828352e+00
3.239520051340774587e-01
9.996738379810060637e-02
1.123077316771464274e+00
-3.449303827038375236e-01
-1.383560563725765968e+00
-8.338042191532426539e-01
8.285161653697213913e-01
5.385073661808990053e-01
7.072225595109286889e-02
3.568179440269084179e-01
-4.862693146567826918e-01
9.446129519375640049e-01
-6.113947038190927774e-01
-1.960162123335985884e-01
-1.095083177379270634e+00
3.028288337300088368e-02
1.614252891617860008e-01
7.045470604814649818e-01
-1.688689928623228420e+00
-4.563379292246835806e-01
6.613390292677403526e-01
-1.341408639661472613e+00
-2.410122522935596867e-01
1.395361715716260997e+00
8.625623223249844207e-01
1.412648377763566110e+00
1.597635542685162668e-01
6.449745169983186477e-01
-2.048290911436584094e-01
-1.281783184911412743e+00
8.623066435740329716e-01
8.225541836173890786e-01
3.369251108899155023e-01
5.750480132042500303e-01
1.723651073098569242e+00
-1.166342619315228424e+00
-5.247951838030392446e-01
-9.952057658687595287e-01
1.093715623582184326e+00
1.289908977354510045e+00
1.932860915015993386e-01
1.166842166291756300e+00
-1.436717645359525952e-01
-3.769996586371963110e-01
-5.069361938357875852e-01
7.985498609649307467e-01
2.359586735011771907e-01
-1.549090965049124247e+00
-7.392482382349239989e-02
-8.712753651456830450e-01
-6.473086910815595285e-01
9.279636225387042359e-01
6.842190201962485840e-01
6.525312434444478782e-02
-1.038744594267571486e+00
1.281959784608723174e+00
1.266661750848538492e+00
-6.069365978485100621e-01
-1.078628851039643788e+00
-1.271645220814102251e+00
-2.788103886628372052e+00
1.773269388729257878e+00
-3.782133776866986041e-01
1.248213406833127842e-01
1.102368471681271833e+00
8.185742538116299594e-01
-1.059121911557066031e+00
9.511837172657529038e-01
-1.287288369407627205e-02
-9.436066303325021942e-02
-3.078129851962703722e-01
-2.234633129360954484e-01
3.247116976311164582e-01
7.351519759171896151e-01
6.645663717874843446e-01
-1.709748182943037431e+00
-9.891470448034163088e-01
4.355156440322245914e-01
-1.010117339322031293e+00
1.312660788846299997e+00
7.798619559608034324e-01
-7.428803348117084954e-03
8.199058234073279827e-01
-5.195479879549221025e-02
3.427786054996869169e-01
-5.452513873360821384e-01
8.529721292011154254e-01
-2.469539063830708259e-01
6.154549566003314487e-01
-1.218439006081363241e+00
6.950075479777352294e-01
-6.786926456002403407e-01
-6.536376522003062295e-01
-1.313315825631766964e+00
-9.258468035768716575e-01
3.958866433518100081e-01
1.098153316671230728e+00
-7.177074867778211464e-01
-7.006358948498066230e-02
-4.097051289894151904e-01
-1.346226739104758874e-01
-7.287599211291511114e-01
-3.944993741693297862e-01
-3.027433463361111077e-01
-1.448664021109433930e+00
7.702696784174223321e-01
4.667219867846058023e-01
-1.013791835097687777e+00
1.194857028565943363e-01
1.745879871401105232e+00
1.220436195345861119e+00
-6.758522163764163482e-01
-1.314298166186330885e+00
7.776398121841661404e-02
4.741950041246623671e-01
6.236943117290995042e-01
6.950665761632685014e-01
8.188591319147083825e-01
-3.619401933905714297e-01
6.479557226009218240e-01
1.216970049379850760e+00
9.041510776284178430e-01
-1.427771053831462245e-01
1.590946759056716564e+00
-6.691487267999295802e-03
-4.925387920209703396e-01
-1.183515229361217780e-01
2.541798003957071103e-02
-3.885533036090299541e-01
-9.172088182184144622e-02
3.435043980815378761e-01
1.067241655971027825e+00
2.429429944612989112e-01
-4.233726438144276849e-01
2.043014656191030065e-01
-1.611689892471625418e+00
-1.078431623846765719e+00
-8.416594140327392504e-01
-1.057889418273473714e+00
5.045535863327773596e-01
-7.626955124554560816e-01
2.954113428872585434e+00
2.832329478854584415e-01
1.662538071647213511e-01
-6.165834118576138945e-01
-3.579292755781895430e-01
-9.956552848251757348e-01
-6.639874523613040758e-01
5.461860556584926391e-02
-1.685961055628869332e+00
-2.270704189933796080e+00
2.510507147180401355e-01
1.801175695910185004e+00
2.760018809324134015e-01
1.175086517515148560e-01
-1.642659556467727544e+00
-1.229054325772990452e+00
1.089693565392789054e+00
-1.728176728988013666e+00
2.534507115020754112e-02
-4.052561304806817088e-01
4.317284660298758014e-01
1.359610753737175104e+00
-7.120410538013715041e-01
1.335284395259669632e-01
-5.016833439334558165e-01
-1.265513881253168549e+00
-9.783421366009127998e-03
-1.518915695513228581e+00
-9.103061810124171704e-02
-3.376102455265910240e-01
3.403133564714817538e-01
1.947358527784120996e-01
-1.828447335766648918e-01
-1.182781129374123497e+00
-6.574942284840524787e-01
1.272327071800340714e-01
-2.462481139680232911e-01
7.060884083845364589e-01
8.945082510920249197e-02
5.849305145837950803e-01
-5.389040170365574922e-02
5.146287509300907503e-01
-1.037030135961659383e+00
5.607118073837096262e-01
-4.173260680534633671e-02
1.831815154979554938e+00
-5.670472416307460461e-01
1.847916294125273140e+00
-1.000843099866218777e+00
5.330875633772401423e-02
4.971226971096590064e-01
6.435304346341579329e-01
-9.897142755402582592e-01
1.534130087259246489e+00
-1.281593664984101710e-01
-1.238619671139039369e+00
7.526385203692087522e-01
-1.389589550232347870e+00
-9.058042312834524434e-03
4.830653728172500938e-01
-1.349058966345686672e+00
-1.320432023534371703e-02
5.821310887253382943e-02
-1.378073019005383593e+00
-5.980032111364602665e-02
9.236552260475826975e-03
9.089150980510477540e-01
2.174563871143857519e+00
-1.311623156234847376e-01
2.730062398954937741e+00
-9.250688066163599288e-01
-9.049055181717934326e-01
2.470937687930410964e-01
7.419961277294960800e-01
8.088149119206058391e-01
1.630681722879627482e-01
-5.265306572013084274e-01
7.090366986090018697e-01
-7.360308960182108118e-01
4.131338083770067504e-01
-7.570519832249499315e-01
-9.471550144363140022e-01
2.117384683895292830e-01
1.974613141327961285e+00
-8.249500040650158406e-01
-7.272161527054807895e-01
-1.502253854498209806e+00
1.033242407745281533e+00
-2.163886547964839036e+00
9.129752853634515164e-01
1.071501245448126971e+00
1.471425496068650141e+00
-1.249424940908143267e+00
-3.082716330141285765e-01
-1.026581606566046856e-01
-4.831584385456921815e-01
4.028372736392590858e-01
-2.286867739604364624e-01
-1.345712296243492256e-01
6.297138508482178487e-01
-1.561197403868079370e+00
-1.834671106970407140e+00
-1.861588758923532830e-02
-1.382325963863785256e+00
2.164167969315848872e+00
1.010040255068459958e+00
-3.286751957030485394e-01
-1.275921122606362423e-01
-1.808801190545082094e-01
7.900383572688060019e-01
8.253983082363279822e-01
2.324365695480101190e-01
3.162856627760559647e-01
5.481833425358303424e-01
-1.268156152548091109e-01
-4.396323561330346408e-01
3.034060300347570793e-01
-1.765464686762269642e+00
-1.395167060198371889e+00
-5.665881120543088123e-01
-1.784739078313200555e-01
-1.525687160406693721e+00
-6.457456869333308980e-01
1.954945757872424306e+00
1.558607776343659979e-03
2.576652449506541820e-01
-1.846655980717181844e+00
1.742153333706312757e-01
7.714745205049270416e-01
9.100459393843918221e-01
4.059286837820795246e-01
-1.590488405934300797e-01
-9.115619082247932159e-01
-7.783505245987690779e-01
-7.668155953686927040e-01
8.001580508106265199e-01
-9.578470981387674499e-01
-4.651029655667798801e-01
9.560095444394894892e-01
2.242972869810016423e+00
9.754436189588066020e-01
1.622725465274961476e-01
1.471722833702459043e+00
-6.403522019323446557e-01
-6.225869812582566221e-01
1.431728532087353511e-03
-7.701097577386017967e-01
1.033034882200156296e-01
-8.078342783315427267e-02
1.123746707519554411e+00
2.749925294684802402e-01
-8.358215185747560616e-01
1.350015522302801640e+00
1.816418289512718998e-01
2.713255836080463723e-01
-2.013043688065726755e+00
5.788727870227510230e-01
-1.930664833669614722e-01
4.091109661369736750e-01
-6.282994832492732051e-01
-4.360542921136078554e-01
-6.090068771229062428e-01
5.567526046758571878e-01
-2.213337902657603884e-01
4.785783087811711078e-02
2.230468442829256492e+00
-9.101926050397038948e-01
-1.974783680100974936e-02
-4.764857470309493692e-01
-3.188734446435366188e-01
-1.017447455300478643e+00
-1.135601522557049270e+00
2.592024536442252836e-01
-3.436024157723835959e-01
5.163265754421388770e-02
4.977155617713807656e-03
9.589102757766536367e-02
-5.684563328081243538e-02
-8.981599653310423648e-01
1.631503181736702501e+00
-2.830946425358281116e-01
3.626107373120379673e-01
-1.497129027571149740e+00
-1.810196022290086748e-01
5.099036511266895610e-01
2.473522727812232647e-01
1.824103069011696387e+00
7.165876505419034315e-01
-6.914353350877037174e-01
-1.126876910255969921e+00
1.484756235826256154e-01
-1.540112481502489972e-01
6.095731608584230993e-02
-1.233096017620968626e-01
8.617919899095162206e-01
1.292830835714051885e+00
7.136575800190547714e-02
-1.550038839352002817e+00
-7.495124190451833979e-01
-9.224727448412450848e-01
-7.453140005450560324e-01
1.543797210588275126e+00
6.112241438714766106e-01
6.274089622369782848e-01
1.409616934251378906e+00
-1.260436706887836933e-01
-2.008098493912873206e-01
-2.875786697306991768e-01
-3.308861020445347800e-01
-2.729040960972458407e+00
5.194278648074526217e-01
2.815624948739965383e-01
-6.675115277559316995e-01
1.139477518332284722e+00
-1.139733190851756506e+00
-1.184275129930525416e+00
2.369746063117579016e-01
-1.108274187216541362e+00
6.620413613548572496e-01
-6.127246685863204645e-01
1.949885400166276206e+00
-1.567715006627586671e+00
6.685789666489267979e-01
-5.469675950364721873e-01
-1.342160753301757659e+00
-1.608536278023501742e+00
3.310576179301213950e-02
1.039401633023537164e+00
1.720443040622454900e+00
-8.152487959228619241e-01
2.944454386902146670e-01
1.574633698574512408e-01
-1.713540356497635031e+00
1.515522996963775404e-01
-3.678226604235401265e+00
-2.060549374173241688e+00
1.710847642400165070e-02
-1.116647124013885772e+00
-2.567343199954331689e-01
2.412871127181170916e-01
-1.137628312579406442e+00
-4.354035249160252419e-01
7.575153151646228655e-02
-2.667918301699703232e-01
2.942723593257382753e+00
-2.352177757398043190e-01
4.866789219742956862e-01
1.845440110469243056e+00
-4.216549148819053183e-01
7.324425992725286383e-01
-6.568580747592435154e-01
1.297471657295998781e-01
1.224159197614079542e+00
3.723240890862198893e-01
1.699338938319908010e+00
-3.828572865121669944e-01
-1.265969670791603274e+00
-9.513341249239565256e-02
-4.066383662735873483e-01
3.913825841256064475e-01
-2.669231045297849048e-01
2.162795224186766785e-01
7.198781140834272785e-01
-4.295582107401173522e-01
6.609415903248094804e-01
6.717152562065752397e-01
4.103041388495969888e-01
-1.133963984114207957e+00
5.895127806857693997e-01
1.003779714515249166e+00
-1.023730510424377016e+00
-4.582483312724378033e-01
5.646039661133562815e-01
-1.903082522981288383e-01
-8.059257233241802210e-01
-6.199964533492116070e-01
-1.887116659832458743e-01
6.332723237566628693e-01
1.629539299991605183e+00
8.886192712247111825e-01
-5.724323446991812503e-01
-1.269958674931795928e+00
-4.029935848401645648e-01
-3.068759999668615457e-01
1.447511724444660697e+00
-1.915546758602464650e-01
7.913852627886387436e-01
4.054115579376831868e-01
-4.892460909392024604e-01
-3.443164300758240759e-01
3.939861060578283003e-01
1.185369687001990968e+00
1.124377733779350574e+00
5.111555878397596731e-01
9.225375443150329868e-02
6.542169667899770946e-01
-7.006715818386076711e-01
1.159843426181545345e+00
1.087407793705036596e+00
7.991316142563251734e-01
1.300497565546616219e+00
-5.823610183885726821e-01
-3.038524712454902105e-02
1.975384518484006868e-01
-3.223792020850786977e-01
1.307480307488403604e+00
-2.462423270150803090e-01
1.198646983243623287e+00
1.670190312190370507e-01
1.142121368546564986e+00
-2.139364521664951280e+00
-8.639530984669098190e-01
1.928713864528110111e+00
-1.872999464301935146e-01
-9.149335751114422433e-01
-9.753182656239077764e-01
-9.507972787141445448e-01
5.590817592079802001e-01
-5.983099859065347248e-01
-2.063840606900354813e-01
4.425973615593287169e-01
-1.105280269596911058e-01
-1.122466492878981148e+00
-9.605316246778031752e-01
-1.147515059955275391e-01
1.773142566748577009e-01
-1.572614895127652845e+00
-5.970714150576613699e-01
-4.544336733142570472e-01
-2.026199246685539634e+00
-9.826767895231512950e-01
5.635486517252707994e-01
6.143694361358851275e-01
1.982944367579043965e-01
1.406508191993584900e+00
1.651700676497703357e+00
-9.271989066659201972e-01
-4.505736648279882323e-02
-3.229392435843253528e-01
-5.041185361355554617e-01
-1.343118118802481220e+00
1.449733892299767346e+00
-3.792902604658127119e-01
2.852241000319284403e-01
-3.150858947308500801e-01
-1.201715104945746626e+00
3.762761621443646565e-01
1.462092709385562073e-01
-2.783716688081798729e-01
-3.403852707406800904e-01
8.289657543527304551e-01
2.227481583360478301e-01
6.080022106002276328e-01
-1.808698719966646884e+00
1.063439305262306345e+00
1.070487030186865196e+00
-8.346660156738705538e-01
1.462259706509118296e+00
-7.167737145803567689e-01
-9.838681339212336230e-01
2.956143910244262152e-01
-5.331435088224651953e-01
7.545415673102954246e-01
1.403697915578690780e-01
-3.345285081940864713e-01
-7.968825952316836991e-01
3.570491910842227279e-01
5.364996128693255012e-02
-1.011480097963533917e-03
1.436867724722998840e+00
6.891533314105707797e-01
-8.168279098999727816e-01
-5.964466394031019414e-01
-4.449207529895464752e-01
2.998737514447097352e-01
-1.148449761292708926e+00
1.098977747052792275e-01
-2.608372882672510329e+00
4.550429184445891728e+00
2.260022964756886577e+00
-2.201568086675599056e-01
-3.196712035783912942e-01
-8.188072322412531800e-01
1.407824228745895301e+00
1.474481726754219402e+00
-1.279740506848723980e+00
1.451222487787268145e+00
1.718369378490383514e+00
-1.474406718860582943e+00
1.929627467767904003e-01
1.346355914128743655e-02
7.187133031327691546e-01
1.036549377822123086e+00
-8.763472862440212507e-01
-8.617721613193829455e-01
9.076443349167033492e-02
-6.700505505168214970e-01
1.684154965260449055e+00
1.341090747738930888e+00
-1.231836726645791913e+00
8.687372997014367604e-01
-3.752507730079167603e-01
2.643846796425419754e-01
-7.437080984664019567e-01
3.647984127248226627e-01
-1.012452594986682497e+00
9.232441191989987361e-02
9.641074865900205459e-01
-4.276049377120983430e-01
-6.175335002272234197e-01
-3.919033116551439710e-01
1.085857001939672051e+00
-3.050523522966795964e-01
-1.843312478002598898e+00
4.243257847269610306e-01
7.071258471349477492e-01
6.538892291352067510e-01
-5.835466208306289149e-01
3.611424286689163821e-01
5.045382216740634806e-01
-9.182985440107774844e-01
-1.812767864132067253e+00
3.750919731004062063e-01
-1.528612897265843040e+00
-7.625800687092568753e-01
3.458724514104100645e-01
-1.154920858631057132e-02
-9.484967273291382561e-01
5.447728276415023663e-01
4.445711670534701065e-01
-9.030729311930726366e-01
-2.308065280999943292e-01
1.003878219426556306e+00
5.525475942576714150e-01
7.278271753431783120e-01
1.060390953123537372e+00
6.879846334790494788e-01
-4.177285504258805571e-02
-1.066689299597639584e+00
-2.535894700906668464e-01
8.417403369210750830e-01
-1.416732426475963758e+00
-5.303507721416889087e-01
9.693116518626648803e-02
-2.721931264234980219e-01
-2.285172060931333515e+00
1.734253384673743570e+00
1.509047777078130981e+00
5.031564620542187116e-01
1.134140495566255513e+00
-9.729086105438351506e-01
-1.763751310423759266e-01
1.507159271625593044e+00
1.000299249955624303e-01
4.833532528308275289e-01
9.931684503892498350e-01
7.510722949245514091e-01
5.063133274287051622e-01
-7.196532935323944891e-01
1.339057091569590408e-01
9.865725424789728581e-01
-2.741936800759456339e-01
-5.851725148257808096e-01
-1.377026645523460990e+00
5.086591884676228137e-01
2.226926242251788812e-01
-7.309786948303513832e-01
5.066822645463219255e-01
-1.640081174094182304e-01
-1.049481499136161768e-02
1.363749353448906243e+00
-1.573441633855969246e-01
1.010913704596911211e+00
-1.464405710892102475e+00
1.058228137694256776e-01
-7.579403475480479546e-01
-4.848941674814036817e-01
-2.176138977958215759e-01
5.234998331254969717e-01
-6.398694266205482428e-01
-1.127440148172666357e+00
-3.621300800287001187e-01
-5.256117516009357893e-02
-7.888029587002716170e-01
1.348263278432686230e+00
1.833427068914847136e-01
-2.245636601995508463e-01
-1.452467904342624516e+00
8.435137881104047830e-01
3.145423819903601648e-01
-3.677535790491812118e-01
2.798456218944105789e+00
-2.481665331989500733e-01
1.045953466734948822e+00
-1.218043998976890085e+00
-5.052379203839519883e-01
-1.186874869954371414e+00
2.914127879200983928e-01
-7.021324742230511395e-01
-1.132382347623459795e+00
-6.212112112950731735e-01
1.692275807088806872e+00
3.233144608415993715e-01
-8.681667447628238499e-01
-1.759611542835856968e+00
-1.035197766039158002e-02
1.317629075658168558e+00
-1.907891582009869913e-01
-1.774384634383710246e-01
1.143503979012501920e-01
-2.168767812847569865e-01
3.768515185259082578e-01
-5.904780830365394945e-02
1.053885429419384900e+00
1.503718459033003496e+00
-1.992139759581989189e+00
-2.469187840181741311e-01
2.389715200872609024e+00
3.644530461475739558e-02
6.514345748757729426e-01
-1.854114593755283202e+00
1.177226776657666063e+00
4.565662894472620748e-01
1.878313674283579982e+00
-8.190611919944015828e-02
2.070443594591242498e+00
1.487352847237430220e+00
-3.240335997163464737e-02
6.783881066911867652e-01
5.226056281711691787e-01
1.733061167973878047e-01
3.852515069991691576e-01
1.840154984472655020e+00
6.277421689872781929e-01
3.579864565464044301e-01
-1.162097703099352008e+00
1.177380744778397104e-01
-1.068941653573348277e-01
-1.499905685392368460e+00
8.791455119503944760e-01
1.213497707774875423e+00
1.817657804835159707e+00
8.507513894736986604e-01
9.751192449159573616e-01
1.052623427149129709e+00
1.561959849411342083e-01
1.507537902559344056e+00
4.345892316391556931e-01
-1.985390737770469927e-01
-6.374547267596522016e-01
1.402635334742259099e+00
-1.181701537567786175e+00
-2.307437340476160559e-01
-4.677788888331463890e-01
8.847658995993807896e-01
-1.161385950758786034e+00
4.114246715571922008e-01
-1.458399093304934668e+00
-4.898443334707199004e-02
-1.491716215002181878e+00
-1.514878091099559398e+00
4.371072958226757676e-01
4.614088610105277488e-01
2.653511424360969428e+00
1.051798800218500363e+00
-7.245310911512503615e-01
1.527605293883294912e+00
2.031812925129955705e+00
-1.706223041692509212e-01
7.010026578355557092e-01
1.369401998944899335e+00
5.462117125384891025e-01
-1.657987032399051430e-01
-3.856660215438692529e-01
-7.110737943303335751e-01
-6.880655758089947449e-01
-5.337592661552478107e-03
3.341643185094895219e-01
-8.936209856959980158e-01
-1.382764858988202727e-01
-1.489888145927669383e+00
1.653728290463505821e-03
-1.246300079510807457e+00
-1.171593035758694279e-01
-8.179285230097042836e-02
1.416624155506010396e+00
-1.204635069828099841e-01
-2.916842096809884932e+00
1.956618934346494032e-01
5.003586491685283466e-01
7.711403591720368267e-01
1.829680985799587989e-01
3.886916176838698528e-02
4.055636441668781789e-01
-3.741783098467268975e-01
-4.001089098444664538e-01
-1.886314013392396405e-01
1.448218955053881096e+00
-3.416926621965366007e-01
-8.921561455169055854e-01
-6.308086305309972275e-01
2.983278049351146266e-01
-1.407192729254322261e+00
2.225088885433211594e+00
-1.366263084866716770e-01
4.891299274857069945e-01
4.449359744426158447e-01
-1.857287941775444873e+00
-1.169310313849890592e+00
3.517949101116319977e-01
5.114771685409910118e-01
5.811549335744328054e-02
-6.846096316318391883e-01
-8.455211798331507822e-02
8.865034345235676128e-01
-1.157300156127634705e-01
-8.579657459723329105e-02
1.432234057649812708e+00
-9.568785444179769284e-01
6.270515996641697898e-01
-4.874999335660050170e-01
-2.763092045780458084e-01
1.229443619751660055e+00
1.751077100002273734e-01
-2.410539848431821411e-02
-1.585843008691897094e+00
2.491832974834875536e+00
1.614316083587220119e+00
-1.454455947811398975e+00
1.550586103390724890e+00
-1.454407499991589248e+00
-3.846360642757660764e-01
-3.521935095890259548e-01
2.288241544972570818e+00
-2.032499872227916615e+00
1.076622780648498923e+00
-2.651284516368305755e-01
2.057526748685140627e-01
1.817526084282003462e-01
1.503457866075582405e+00
-1.938762514530547820e+00
1.067118552308057966e+00
1.140705492537192667e+00
1.208274854426987011e+00
1.376496340202846558e-01
-5.464087601459657328e-01
3.985477793219793785e-01
2.059777449989070863e+00
-8.237479902642755314e-02
-5.053911780855281366e-01
-1.440867091946583578e+00
-5.640474563260678975e-01
7.543698379316705616e-01
-1.576230317660735070e+00
-1.499044670729373863e+00
-1.234404135498672339e+00
2.364252628739890727e-01
-1.735546706296251740e+00
-1.044457786136915534e+00
-6.259521922945797678e-01
-1.360349060431383927e-01
1.092095861503138421e-01
-9.350642582756496513e-01
-1.635555586727040600e+00
2.845056677581203619e-01
-9.971242115785825533e-01
4.138375584625657022e-01
-2.583364883070026208e-01
1.291377850114432402e+00
1.400595184816075589e+00
1.518925484030417827e+00
-2.499261332645315997e-02
-8.295296246896984860e-01
5.456421890008851250e-01
2.695158301633938658e-01
-3.649460341176123390e-01
-4.271257152905467702e-01
7.926619587189132066e-02
1.156079677052223476e+00
-8.928498190692248926e-01
-2.431543251788933269e+00
6.081648241975560198e-01
-2.348811875262306170e+00
8.369986322333391460e-01
4.656966729572704633e-01
-1.421545104457954539e-02
-6.563104937994461707e-01
6.408332655446281612e-01
1.045083114077958619e+00
-1.907975721883731213e+00
-6.198328836221965732e-01
-4.892423539558093948e-01
-5.102713564561627280e-01
-1.613654086252423792e+00
1.743200864761346391e+00
1.204697327489210101e+00
1.889922669321809856e+00
8.979434141677286041e-01
1.880112996557456798e-02
7.344748327210444405e-02
1.527574119597043256e-01
9.813560625279373895e-01
-1.349495057752684080e+00
5.599911853968155828e-01
-1.168773367155343967e+00
9.523448965326675175e-01
-2.000554496662793058e-02
2.752105205563929680e+00
2.268027835724011787e+00
-2.452932625334367067e+00
-2.275483333594143787e+00
3.006782802323302445e-02
9.234291165600920781e-01
6.419753274572270740e-02
1.065148693789327972e+00
4.190219008585421845e-01
2.956842030324051684e-01
3.727525359212858769e-01
-4.794008077010728508e-01
1.030640164664704761e+00
6.882692226878185382e-01
-1.972307861255542805e-01
-1.033399537376574973e+00
-1.313772665737350798e-01
-1.759791512574051309e+00
-6.717661616433338034e-01
-1.545327618154550109e+00
6.171464047564705346e-01
-1.352587413106966396e+00
2.725982186438419497e+00
1.454456939410415206e+00
-1.818588306917246211e-01
1.370686794491802751e-01
4.141820211551591746e-02
-5.268697152023241737e-01
5.895259134565596915e-01
2.073189485583468994e-01
-1.491720186541393434e-01
1.932344200807705192e+00
-1.104979683192014450e+00
1.500240008231253253e+00
5.501098191489298683e-01
7.492068043087861673e-01
1.040332973827111873e+00
1.479988257065184332e+00
1.165427290046486153e+00
5.142799433276487031e-01
1.685716191734169422e+00
-1.546410159369266957e+00
-1.255929091003268772e+00
-1.150914207691018598e+00
-8.471111109143777407e-01
3.699413031642740379e-01
-2.637600127960327168e+00
1.034342382235094449e-01
-1.172381302186537438e-01
8.123914361205888390e-01
1.617560828141180407e+00
1.143144691511056021e-01
-2.814761461434461154e+00
1.563038314959287023e+00
5.613578366798259722e-01
-1.490372090960310425e+00
-1.315049325506132682e-01
-8.873758445497409442e-01
1.014287813371131941e+00
-1.998527916776047908e+00
-1.136949879592623336e-01
-6.254988010530762033e-01
9.919495990855767831e-01
4.961493838735915873e-01
-7.937900673740430624e-02
7.161359308542537550e-01
-8.795788474037655735e-01
-1.263649352453308561e+00
1.754465669165782726e+00
9.936986576050879649e-02
-1.302249369359237186e+00
1.242999776675029686e-02
2.050824883115548669e+00
-2.164506438525762855e-01
-1.607239657030576918e+00
1.005273860967683675e+00
-9.624409430614148941e-03
-3.126607883269493238e-01
-1.580277996446906308e-01
-9.040975633563828051e-01
-1.200276341666277391e+00
-2.521878765987932258e+00
-3.147137831400720343e-01
7.279213372220930678e-01
8.608037626096105566e-01
-1.580325114976581125e+00
-4.042688531744571545e-01
-3.299771316249487663e-02
2.258974528411747673e-01
-5.337542515159660050e-01
-1.373403695955282888e+00
-1.224299267981703077e+00
2.690831247962476525e+00
1.269033506358488772e+00
-1.680075259431814239e+00
4.819985514271334787e-02
8.439961637808073291e-01
-4.454280817116559876e-01
1.500278919808368139e+00
1.639019187491466134e+00
6.186870527819314791e-01
1.288378176040442247e-01
1.071241783809496084e+00
2.590140012661232283e-01
-1.402526571969045621e+00
-1.244284681855129859e+00
2.426220176345262325e-01
-3.641507257256960672e-01
-8.230009143250925918e-01
-6.165029208908707758e-01
-5.944678283117504902e-01
1.220190823276539493e+00
-5.367565681844009839e-01
1.191976823183539258e+00
-3.143097500684496892e-02
-6.078745542797889811e-01
-9.148309711023822066e-01
-1.480060383010820990e+00
1.405399164188160022e+00
-1.266810308451794320e+00
1.058818671841752046e+00
9.203224187533466660e-02
-1.438031661458275101e+00
-1.189683803341311068e-02
-1.580873454598755723e-01
-1.432033337587085287e-01
-1.480958322862600818e-01
6.172723604795293806e-01
3.805436994789795357e-01
6.392189785346714670e-01
-7.256690391399487350e-01
-7.023288112832286600e-01
6.684204984196936428e-01
5.216529699281756693e-01
-1.556721412144037364e+00
-1.370918807869380363e+00
1.191656346832123514e+00
-1.316552641965368586e+00
2.528373402778562040e-01
6.205741576467390663e-01
-1.660198740884078372e+00
1.602778585230318242e+00
5.520129939362000693e-01
1.003488917276302184e+00
-1.359851491683382874e-01
6.428012113290366703e-01
-3.490544899098517728e-01
-3.530505011478371480e-01
-4.399496562336661087e-01
-1.515757298944328424e+00
-3.645786096635070250e-01
3.641592792625210351e-02
-5.050943767050675159e-01
1.658544902783315456e+00
-1.219929012154425674e-01
-4.789614900330745328e-01
5.935883440683376033e-02
1.505593497654706292e+00
1.676159994557083477e-01
-4.769814604829916149e-01
2.811851469784744650e-01
-1.081400916272831969e+00
3.081318543427704060e-01
-1.616894776396295086e+00
-2.545766912187831799e-01
1.079886293465072589e+00
-1.446155194103357244e+00
1.131883095710253029e+00
-8.608020128149819483e-02
-9.579267748743112154e-01
-5.203830743629853650e-01
-8.423073492647883409e-01
8.385259737691569404e-01
2.939480790433702806e-01
1.449977167893100161e+00
5.094521344902191995e-01
-8.407315532729904561e-02
4.699645773825482098e-01
-1.170106088005468947e-01
6.343210424198207908e-01
-3.111567053059645649e-01
-3.947201429787695615e-01
-6.303340853158696522e-01
-2.088546776133118343e-01
4.376400795645418174e-01
5.083913469290490816e-01
-8.407455798957452764e-01
3.438581119032292355e-01
-1.718581805070087398e-01
-8.740729290431266743e-03
-1.399463249196931880e+00
9.951135707290273968e-01
4.676646689683392477e-01
-4.172588440972589408e-01
-3.316046115501327662e-01
1.215705624302634513e+00
3.832397199015606382e-01
8.643852573995721711e-01
2.471373051122865983e-01
-2.852164227558161791e+00
-8.299686777555710382e-01
1.305038088812756625e+00
-4.350903063340339494e-01
-1.943564018297433194e+00
-1.272313959241898607e+00
6.307496620828434430e-01
-6.490495161617085840e-01
1.162542022200167224e+00
-1.240612370593915159e+00
9.085110795087246727e-01
1.009653795606019339e-01
-1.078825504535222191e+00
1.472353093112401590e+00
1.583702835602524228e+00
1.985773939767011775e+00
-6.653568731852437246e-01
-1.340387465455508353e+00
-9.064448766768243293e-02
1.459384950027353411e-01
-1.511609458122467886e-01
-2.045857084009849558e+00
9.464913372181636975e-01
4.183828936930328313e-01
-1.312468860604654619e+00
8.562522288469579523e-01
-3.396763173680815706e-01
-2.533629620664223578e-02
-6.692397051221404825e-01
2.065913296675231381e-02
9.801641147660232825e-03
6.796292043533277427e-01
9.323360622106550977e-02
-6.986076468808266604e-01
-7.162671633801531712e-02
1.384965590919600142e+00
2.278877258352271507e-01
-1.447902398917435551e-01
-3.424989479106128609e-01
-5.185018802835229534e-01
-1.353131517138803086e-01
-8.026933820865252145e-02
-6.546120418304313127e-01
-1.371556489369205156e+00
1.033233893799645031e+00
-1.210792078125334292e+00
-1.731027529718913494e+00
9.148848658625291508e-01
-1.080218063590396183e+00
-5.640150480141213896e-01
-5.546115855554843987e-01
3.857589090598273485e-01
-1.301998749287248014e+00
-4.479532084536338304e-02
8.971938112319817471e-02
6.743326278092643955e-01
1.398771185850573362e+00
9.033921165638113260e-02
1.385215085169861027e+00
-1.165412309468000451e+00
8.136771648047814720e-01
1.493957387710642404e-01
1.728391765325718366e+00
-5.346270030148478902e-01
-6.028093713417043142e-01
-4.736462384964144623e-01
9.075597865106619366e-01
1.861479226314983526e+00
2.867383678715513737e-02
-5.058002639013002844e-01
1.437852002921419903e+00
1.431260147742998146e-01
-5.867992132367523261e-01
7.753890188947815121e-01
-7.253471309243400000e-01
8.083012988385369635e-01
-2.448798963793624939e+00
-1.761280006273368559e-01
-6.789274610179401037e-01
-1.305282990269188259e+00
3.561513274100473470e-01
4.123767420698348091e-02
1.226496359081008958e+00
-1.782493571868205562e+00
-1.283848409164302318e+00
7.162234121115971242e-01
-1.048112146653451315e+00
-5.638989248677752641e-01
-4.383016919335332995e-01
7.059350429112833947e-01
-2.885661718578644286e-01
-2.535340968781632509e-01
-6.239820431030254078e-01
-1.641612188456177179e+00
4.038900662173597333e-01
-4.963348685515630576e-01
-7.077020949907251168e-01
1.150146610304438211e+00
-1.904908235233666813e+00
-1.973324780337743292e-02
5.125789680218679756e-01
-1.405369906266121793e-01
-9.576596795923169037e-01
-4.076294599270487429e-01
-1.445093087060665971e-01
-6.039407598738805172e-01
-5.242338994783595219e-01
-6.146511374373396785e-01
2.391853877842572279e-02
-4.753221046967285313e-01
-6.287985886295430760e-01
-1.879023525700030672e-01
7.209730962384168773e-01
3.965255152096748836e-01
3.879623475974237068e-01
-1.112233539752365497e+00
4.746584659465756806e-01
8.250405376900232790e-01
2.013407459266679245e-01
-1.824337662806899130e-01
1.158726205176815238e+00
1.781326332386566347e-01
-6.819928742223675400e-01
1.199533546808617235e+00
1.449802323794894710e+00
1.106220140076256575e+00
1.166189690703397286e+00
2.043423844404528289e+00
3.457913734347047852e-01
7.062238923017257752e-01
-1.045123523128371236e-02
8.172122240329011689e-01
1.399397053657530365e-01
-6.563927878979660679e-01
4.709270165586140200e-01
-4.240852566236162358e-01
6.199648250037884667e-01
-2.435709073089789012e+00
1.826094649295886552e-01
3.588850175047255675e-01
-8.678745928403677201e-01
-1.088219676248432854e+00
-2.996620781557467368e-03
-1.154924418074686709e+00
-2.482627075207324285e-01
5.161973332988882834e-01
-1.708553437232813721e+00
-6.872724084046081261e-01
-8.466791454520032900e-01
-1.156139349854590881e+00
1.485229914632905324e+00
-2.611582863502617258e+00
-1.757869463674779920e-01
1.713785964764890368e-01
1.808762382210605812e-01
-1.631091581783791766e-01
6.153460239153393241e-01
-3.360422937564364054e-01
1.795131254136787646e+00
3.033725432858382365e-01
4.437512219776777456e-01
1.421894417484512507e+00
2.373057607365593458e-01
1.981643066491711180e-01
2.424025085571001326e-01
-1.272192359312205534e+00
-6.959743490908686381e-01
-2.685045155742581402e-01
9.158320134767124199e-02
6.255160592561986865e-01
3.598966846299076483e-01
1.018469937850314588e+00
-1.250958762449630446e-01
4.779798075712738403e-01
-2.715593199576005201e-01
9.700240690432641033e-01
1.102260095623364800e+00
6.401711041666227064e-01
4.560602195182621443e-01
-6.001296592727590751e-01
1.008788685482557401e+00
-2.244411180832205921e-01
5.358602440035560299e-01
-1.466857226706743955e-01
-2.878950341808645882e-02
-1.522674935205651225e+00
-1.321022205706678498e+00
-1.088794717258598999e+00
9.613113585772289360e-01
-1.473138204331783996e+00
5.767505797729649553e-01
-7.163994902269913423e-01
3.250067183023150896e-01
-2.634498889997198834e-01
-8.690304268960818979e-01
-1.632555901793700137e+00
9.381687022394035180e-01
8.892737097038407867e-01
-2.335439468802384400e-01
-7.932081351990692697e-02
-4.733728528365374610e-01
-5.604276170789116440e-01
1.091006901323271078e-01
2.087860812557708889e-01
-6.615681334496453965e-03
-8.967625036454942578e-01
7.046194060817563554e-02
-1.374588431419231815e+00
1.661635063253990685e+00
-9.940048619883155856e-02
-6.478453169705924442e-01
