1.442924547576899696e+00
7.491198458000125626e-01
1.157573725525511188e+00
1.112972608417417630e+00
8.456695568381048522e-01
1.397818785235786621e+00
2.039209866238505864e+00
2.209839448016989394e+00
5.248110764790437921e-01
2.134093326194198781e+00
1.120658343751555153e+00
1.750091642066741393e+00
1.441607959464878297e+00
7.799756315311597854e-01
8.518051061326222806e-01
1.251021014033870449e+00
3.669402155768388130e-01
1.496992773526661269e+00
4.442102313078209463e-01
6.746223687016067450e-01
1.939731388542306867e+00
6.291480631118349098e-01
7.720778984911542686e-01
2.783873425096550225e+00
8.277583097677396751e-01
1.553177630353486327e+00
1.125257676672129614e+00
7.485471638642335890e-01
1.399272807301970012e+00
1.041600365437097109e+00
2.183323518957560161e+00
8.200355143336638397e-01
1.192788442838782714e+00
1.755463145768226152e+00
6.017190858918299856e-01
6.879909713811279692e-01
1.416086846693692225e+00
1.412657250678277521e+00
9.827321928032378695e-01
6.436927400606576866e-01
5.408079118480992875e-01
6.923059128509361226e-01
2.237419262550511156e+00
1.664228987156170625e+00
7.699439051759922048e-01
1.097506966061530642e+00
2.558629900938981461e+00
1.335777991260870490e+00
1.683539959362777561e-01
9.782644590508955407e-01
7.088235007714798197e-01
1.970895737651468194e+00
1.876718354565052094e+00
1.974939964715342500e+00
1.287314774736638245e+00
2.696263444115425956e-01
7.188843631744534779e-01
9.225767452045492423e-01
7.963394338522922222e-01
5.948720508255090911e-01
8.303491259355777476e-01
1.870728013776861154e+00
1.239522019868616542e+00
1.543187086200839664e+00
1.212018475464728517e+00
1.691244558986112700e+00
4.567690521035474016e-01
1.359435764485538156e+00
1.380710699160236477e+00
1.959952798719332812e+00
8.245823373509346688e-01
1.193181868031324200e+00
1.815383151475801649e+00
4.848245179226528534e-01
9.309621995200403344e-01
1.053273018168182196e+00
7.017876954178104976e-01
1.559001304318468728e+00
1.247565616983651093e+00
1.627954255370380743e+00
1.423728486242032520e+00
1.153548147889053688e+00
1.549682283626417467e+00
1.199189366348244690e+00
9.623217926551559664e-02
1.690387319738481553e+00
8.833479544675760797e-01
1.966801885627373014e+00
1.415567905796101478e+00
2.049189781244490138e+00
6.259502571676669458e-01
1.124242252208990767e+00
4.123393185496102009e-01
1.908543692035120420e+00
1.807596360387896617e+00
6.135106148542235349e-01
1.305852424795465261e+00
8.112269876622592024e-01
1.822775711185590897e+00
1.638448406957807579e+00
7.121682245216346407e-01
1.734562980513408625e+00
1.041354469177810271e+00
2.363304043344268024e+00
2.912506313966160221e+00
7.950803599561885315e-01
2.024858288132767470e+00
1.405240932947127597e+00
9.119940810878808257e-01
1.272158764607106862e+00
4.676412293907528661e-01
1.169039677017899903e+00
2.723923432290575319e-01
2.000355014307804158e+00
2.164449902937670256e+00
5.470233439789177199e-01
2.212783695200023271e+00
6.494929063797807434e-01
5.367003019089420235e-01
1.174944789013506741e+00
1.176250351834825514e+00
1.565983330114537608e+00
5.922677433173469952e-01
8.425285773965976999e-01
1.006211110757305738e+00
5.068673353936672399e-01
1.332604333232101368e+00
1.141748926904606165e+00
6.393025897898167997e-01
1.178547674077939478e+00
2.662591728498602262e+00
5.730049750963778221e-01
1.167269680824019745e-01
5.826733091403244469e-01
1.031200849599160474e+00
8.771443210587572814e-01
1.505297528003611829e+00
1.900160136835498337e+00
1.034135762187403884e+00
1.733089704549473753e+00
2.589214070070248841e+00
1.658646225814842889e+00
7.199205651710164355e-01
7.765199401086506636e-01
7.452910623502528864e-01
2.038803988092284580e+00
1.399318159863222499e+00
1.578692938279074420e+00
2.027631405870664150e+00
6.576386913459869588e-01
1.996703055209278155e+00
1.837659725200505800e+00
1.289151621810375126e+00
1.750782331490492449e+00
1.180992154339410849e+00
3.189296001512678114e-01
1.033395972956250075e+00
1.435527144289987511e+00
3.235327228178123127e-01
1.651822165083215443e-01
1.110059296400157214e+00
8.247725810350743370e-01
1.192554506756557497e+00
1.908339279276860978e+00
6.630501958898465942e-01
8.823389758653705783e-01
1.372559371363883063e+00
9.436074268671758025e-01
1.419641098386391409e+00
7.674491829192275905e-01
3.572745386761560504e-01
1.629427797021341995e+00
1.822992220012093156e+00
1.339421251182964179e+00
2.080446602904019393e+00
4.723744824471662884e-01
9.068208362690650670e-01
1.017828409549064617e+00
1.685385076670350868e+00
4.128884896588240760e-01
1.795985543806232654e+00
1.003035884808307632e+00
3.601671090490911720e+00
1.162710478189131980e+00
1.747228568393766501e+00
1.077353066330792419e+00
1.001851021760090443e+00
1.413711820672038488e+00
1.621557462861917598e+00
1.503668891964438759e+00
1.353881824596864902e+00
1.987077764777186228e+00
9.772488657507548693e-01
5.004988360598827679e-01
1.258367662950571342e+00
1.595918068241551468e+00
8.872514005874949650e-01
6.031335552039429615e+00
5.511551913122989532e+00
6.481745339608438350e+00
4.934886802015084228e+00
5.579493754823722007e+00
4.329004912097046409e-01
1.778291557597892147e+00
1.176411349053825939e+00
6.952675252340034806e-01
1.453282307208521473e+00
1.144520691529110845e+00
5.641917109859725388e-01
2.024916702351327480e+00
1.459378165365859292e+00
5.997955237928445094e-01
1.199571803597152542e+00
1.419408355748733808e+00
1.254433764475670676e+00
5.824868727920498035e-01
2.160819244216394708e+00
2.109339643367108774e+00
1.685423294687238949e+00
1.516325937623119735e-01
1.428695253868550230e+00
2.168246500930795850e+00
5.315867631731256981e-01
2.234472347492742372e+00
1.639224792488628957e+00
2.585926156459377179e+00
1.248917937485667817e+00
2.376380042723185426e-01
1.319302502024363610e+00
7.619228921538455657e-01
1.546182400446764804e+00
1.137885809892264177e+00
1.602017235540686313e+00
1.774249380339987026e+00
2.276922508533533840e+00
1.085648848184067594e+00
1.586753489915440296e+00
1.067349640860089238e-01
4.546980662149747721e-01
6.829864344744310811e-01
1.550223617675725585e+00
1.302859034571710817e+00
2.173004208751408428e-01
1.375938786116937207e+00
1.193380036259097388e+00
1.895288241692230313e+00
9.851840897950728815e-01
1.278036628031067545e+00
1.194317752170766189e+00
1.715398137922230060e+00
1.783935219106348224e+00
1.505410565873780637e+00
4.981697480085475194e-01
2.020298703204106427e+00
1.022913481116486389e+00
7.245717889827660851e-01
8.563676804774793538e-01
5.126910738882285434e-01
5.920894320027730862e-01
2.185776581751548875e+00
1.931814250660256027e+00
1.438097169683302479e+00
1.412947966272058764e+00
1.408892333011735110e+00
1.410676494784957491e+00
1.402016031712615796e+00
2.010069641441532440e+00
1.535306157354596079e+00
8.003640225109059925e-01
1.075079002298221953e+00
2.386463503061329039e+00
1.748324879888122574e+00
3.401278829811019699e-01
2.673800034918339286e+00
8.303974394765127887e-01
1.520368912399682415e+00
3.551447948025163170e-01
1.844208287241319022e+00
1.417961447610770698e+00
3.703655953545661461e-01
5.546962475854465557e-01
5.327019295555622813e-01
6.702052616027399656e-01
1.802587815389149029e+00
2.024157347915861216e+00
1.038070166668765948e+00
1.770518527787797058e+00
3.536566618793735461e+00
7.975908651755057033e-01
3.702144454499551318e-01
1.522631590052240025e+00
1.605377098572491057e-01
7.287226380190886532e-01
2.258773847025237203e+00
4.024161358739837269e-01
1.515186203291184475e+00
1.796867206460127653e+00
6.924041154026976397e-01
1.460853206835077467e+00
8.051429755021300982e-01
5.904723274867970106e-01
7.573515119764500092e-01
1.693166952976189465e+00
3.043103515963188954e+00
1.380903087828976084e+00
5.718153081468639876e-01
6.065811875346467374e-01
1.733967746990382475e+00
1.495065947209328838e+00
2.766954495778606304e-01
8.206117152016234595e-01
9.439249198858843393e-01
1.021472459113259790e+00
4.312473442866072149e-01
1.176190310376478587e+00
1.510033066188635420e+00
8.804271592235298760e-01
4.423005606208639806e-01
8.478394430031596096e-01
3.372839651099004410e-01
1.214371329510726127e+00
1.006352022502184917e+00
1.593749397836911275e+00
1.470371838901950889e+00
1.463430503681075523e+00
2.649516340295523076e+00
1.040496440884911555e+00
1.714169775884927027e+00
1.514707966881322809e+00
2.245595443205581798e+00
1.578680049613209846e+00
3.557151277014613533e-01
1.824248880736285550e+00
2.071829342637173887e+00
1.452979705402910104e+00
1.439540431536337595e+00
1.583397772010608051e+00
2.005665608372007913e+00
3.855983996566448857e-01
1.002151289419002778e+00
8.950675648336987589e-01
6.672505624331733776e-01
1.506212865378175891e+00
2.184096397945542556e+00
1.710691279157470213e+00
1.870878322492137480e+00
1.817707421133702761e+00
1.040050229947026894e+00
8.767951631182316907e-01
1.940048116183818783e+00
2.279071533349153800e+00
4.200554851240831944e-01
1.779992885294213512e+00
2.299802569440176914e+00
2.083224317339058551e-01
7.029800103109169473e-01
2.173166385277531365e+00
1.081282119957296395e+00
2.720393408838765570e+00
2.305167554160115095e+00
1.174708413518859906e+00
2.271282234277629541e+00
1.079513739597628863e+00
7.438333851299665511e-01
1.481184190165859116e+00
8.466559011882012209e-01
8.065964363156072903e-01
2.012814430264556087e+00
1.311525519759136227e+00
6.843289592810366528e-01
1.311778280113706119e+00
1.405800582500139395e+00
1.352699108304922460e+00
2.067656199925685723e+00
1.372711487976316702e+00
1.159570416461437992e+00
1.288367573321868687e+00
1.395137452995886651e+00
1.397109179912875421e+00
1.064257166252213338e+00
2.835089464220924782e+00
1.462048080216725943e+00
8.765547869095864364e-01
9.338096590624422877e-01
1.062268733483973771e+00
1.123514965448079828e+00
1.529170915736963066e+00
1.303058164188872992e+00
6.757011664603072010e-01
2.190492804297279328e+00
2.226273444028848747e+00
1.908258975859166817e+00
6.397930233820722234e-01
1.010414505685629516e+00
1.195787829657661616e+00
6.718002689436854968e-01
8.198363960815215901e-01
2.909283952716760213e-01
7.630154814881842107e-01
1.964237862316987326e-01
1.957052430463510184e+00
1.696942848452306585e+00
3.475334395934517873e-01
1.418790951338268824e+00
2.099567154742525865e+00
4.620488744902258027e-01
6.105378340877101184e-01
7.636355330969510913e-01
1.094649275130592958e+00
1.453866820161848983e+00
1.679140027324968754e-01
2.527433987913285662e-01
2.620032405401909958e+00
7.827777609898620703e-01
6.958024406839262710e-01
2.063254664875151967e+00
1.943421153752288744e+00
1.530074120384949055e+00
2.529680504728413659e+00
7.144946440192261328e-01
6.272942732937731858e-01
3.140683189055193392e+00
1.316050117233354300e+00
1.606474136778483830e+00
9.673705713701689080e-01
2.213066536837171583e+00
1.442628217787507827e+00
3.217985349172292064e-01
1.354200276423512816e+00
1.059871267976139730e+00
9.058298153699393396e-01
1.820209714171829418e+00
1.224989550020225471e+00
1.179848704999532538e+00
5.098902751162565083e-01
4.445361517481097313e-01
1.116454966009707395e+00
1.459109411543137780e+00
1.030139098876957426e+00
1.648422559274908217e+00
1.388752226233970433e+00
2.130727904421620078e+00
7.665180277086597327e-01
1.883044275882838736e+00
1.994566234959720963e-01
7.334046665031500600e-01
1.141768687931776771e+00
1.732300177906780370e+00
7.661681312809038857e-01
3.715960755967093188e-01
2.285535753749169618e+00
8.377716564518170594e-01
1.342447585233430996e+00
1.883070588477296248e+00
1.836229592755370899e+00
1.935010269257656956e+00
1.939333949268867485e+00
1.149827200605575861e+00
1.020136613621924093e+00
1.711994406159053073e-01
1.651819879203036745e+00
5.925208145013335370e-01
2.308899477907982334e+00
1.103865490451001019e+00
1.967668549940975620e+00
1.336811724753114827e+00
2.730900545933131696e+00
1.847987330623453994e+00
1.249845134705459548e+00
8.378874256975206158e-01
4.679143276696725029e-01
1.129580755604711717e+00
1.994218071438107698e+00
6.398380481560013155e-01
1.084068161154712939e+00
2.562028987748448117e+00
6.860388351937727336e-01
1.030656284589955146e-01
1.366504763431522163e+00
1.480691716736227903e+00
2.822851699743082476e-01
1.068703592620133591e+00
6.185998871373246111e-01
1.948341840512489265e+00
1.486753095170207040e+00
1.115852072429552200e+00
1.830011339567901407e+00
1.114981319279455763e+00
2.796695316690879007e+00
2.178447194267749687e+00
2.047065962955431306e+00
8.099688877131235032e-02
6.233133394986665188e-01
1.785834356056653638e+00
1.194696305244603129e+00
3.772916291143158518e-01
2.096988196218217693e-01
1.384412635199213204e+00
2.811554256578243649e-01
5.434112495305688517e-01
5.423163044589088821e-01
1.703641402400956961e+00
1.640774973900082978e+00
1.373332493358942141e+00
1.200403625055255663e+00
8.818712381310243043e-01
7.022821777468255533e-01
7.519221022433171253e-01
5.242627450496593067e-01
9.712308646518363897e-01
1.732090442861238255e+00
1.218202102809148535e+00
1.573709789001771497e+00
2.442720404961045588e+00
7.540959867808821881e-01
2.764066629664142294e+00
2.138970649460894879e+00
1.384369722489697252e-01
7.077555220790464618e-01
1.277929456203168668e+00
1.025330829099407870e+00
1.741781561540310941e+00
9.616840227531824326e-01
1.000827601075999634e-01
7.100370441118165621e-01
2.696442211428815572e-01
5.483803905074827734e-01
1.463943085531123511e+00
1.857021851875320095e-01
1.354224951272117838e+00
1.419768861776411262e+00
2.505488692741185019e+00
1.897773483194481026e+00
3.710465693721000102e-01
5.596795982518762980e-01
3.294153909437184669e-01
1.327736764203301112e+00
8.087838097716234520e-01
1.234627755786241288e+00
1.408666615510830278e+00
1.617005573532789009e-01
9.407219928400100128e-01
1.804163727999279487e+00
1.539161837039540570e+00
1.273481098954618584e+00
1.361356521250370877e+00
1.574438603589030317e+00
8.798471483894183542e-01
1.070622313095096700e+00
4.946475801211961953e-01
1.327877005929809728e+00
1.220305924107822237e+00
1.608006781129412088e+00
2.766153441792932877e-01
5.183890364809174978e-01
1.342722508823062766e+00
8.389690524438222496e-01
1.883598056973131429e+00
9.239196274807194298e-01
1.991542140528399951e+00
5.142575077646601572e-02
1.239154345099528598e+00
1.131176723113902272e+00
1.867018469504916123e+00
3.392063924212076476e-01
1.300662802742401203e+00
1.684039350361429932e+00
1.583665541285825595e+00
1.004691015515581487e+00
8.506812215689949497e-01
1.718107215479166561e+00
1.333252520889387061e+00
2.682749168570688791e+00
1.673078044565324829e+00
2.630933373571823219e-01
2.022310276893422021e+00
4.682324826211768376e-01
6.512602312581220465e-01
2.996522740845889210e+00
1.421834799158605778e+00
4.794232616859570029e-01
1.420858626531914082e+00
1.318482436566438043e+00
1.813151007134718995e-01
1.459519916392306493e+00
1.367867479358810590e+00
2.099727976324717638e+00
4.734375668667007986e-01
6.783051555893625517e-01
1.077505694052023566e+00
2.045330306438020163e+00
5.275448446969706051e-01
1.446644048840422192e+00
5.660975851129873559e-01
1.191416509884734687e+00
1.828960889996666117e-01
5.772389905854993231e-01
1.009139239868735105e+00
1.219136422913376983e+00
1.866579447092719057e+00
5.601831876289530276e-01
3.071030449978956467e-01
1.671592756642084288e+00
1.745054803545117883e+00
1.970161537217820280e+00
9.037746495844941608e-01
1.232893121200808961e+00
3.747835081426358905e-01
1.956741481270404259e+00
8.703023115711204793e-01
1.919457994245759691e+00
7.684279830250662080e-01
1.841249413626392828e+00
2.114801412679037540e+00
3.197040899415403814e+00
9.459530834386405962e-01
2.724239341310713325e+00
7.515851618375110066e-01
7.266791717441754006e-01
7.242445671320086875e-01
1.091485194289765870e+00
1.120479235516125938e+00
1.396935125713041626e-01
1.718119086207507751e+00
7.467265744032185459e-01
1.166873953660092944e+00
3.223899709043283934e+00
4.403001630586938497e-01
7.798161640465419708e-01
3.065045295777520273e+00
5.931204070027410458e-01
3.855296083946181396e-01
8.287911589856762351e-01
1.679452949170301412e+00
1.613228195419719735e-01
9.945526224481471278e-01
1.837417132469242542e+00
1.704454435491736808e+00
2.472289666466212843e+00
1.165654613062411471e+00
1.748143975128165772e+00
4.651719302469011774e-01
1.243904890070722136e+00
1.320520291719777140e+00
5.924443181946785764e-01
1.058005755221074651e+00
2.412056199403597390e+00
1.175426698576409468e+00
3.722142553450466518e-01
1.257383511459262859e+00
7.972615232399913321e-01
5.096170647029146794e-01
7.622531100403704407e-01
1.239876153164017225e+00
1.963129328458558254e+00
2.417842849019820328e-01
1.184099300927908160e+00
1.317489666417115846e+00
7.394286079715697291e-01
9.537414174596847705e-01
2.091698322271886124e+00
5.235590219838892612e-01
4.481752546078430766e-01
6.062749017864302870e-01
1.675799874118356403e+00
3.706216016809499858e-01
3.683343907914465865e-01
2.631907883951896565e+00
1.508686447044444767e+00
1.433104817133770581e+00
6.021044059052478303e-01
2.340217703382007297e+00
1.769871612416034079e+00
1.169275709469625335e+00
6.725177208991048872e-01
1.513900970202085805e+00
1.743248444604726721e+00
1.624798843575391505e+00
1.193708904912426316e+00
7.142340651761857062e-01
8.861694196100854404e-01
1.717036122331851544e+00
2.708887083137411778e-01
5.331257464696410597e-01
1.656176469269705187e+00
1.153972219553329293e+00
1.115169741977415807e+00
1.694223890283059308e+00
2.404304642621040600e+00
2.511945419156801917e-01
5.385726331818591062e-01
4.982078276445814358e-01
8.347754192768148673e-01
1.244695610946390474e+00
5.082097341160517479e-01
9.159982381864230083e-01
2.044972510098881369e+00
2.195131358098332708e+00
2.551170680909682631e-02
3.963443037221094922e-01
1.533531892607315816e+00
1.896911856078900227e+00
3.974493172593567270e-01
4.425793175656600464e-01
4.717194872636658598e-01
1.975599289323157093e+00
7.884917328888164656e-01
1.483427550283625607e+00
5.329191583051868797e-01
1.614950250923757880e+00
5.338782200694953683e-01
2.273879541536025339e+00
5.066291618804047436e-01
1.180580765344460215e+00
9.602655919448694899e-01
1.973544390068977972e+00
2.077170087629398587e+00
5.003266812457373147e-01
1.286237512852526077e+00
2.926794195619708550e+00
1.605868466498524105e+00
1.779933690211536135e+00
2.191145372169723160e+00
2.949443384177234950e+00
9.179421192750317759e-01
1.484643655284524133e+00
1.883094291767644979e+00
3.009625790192456130e+00
3.681905005252045782e-01
1.705484792698905183e+00
9.402944414187393019e-01
5.319551897800735007e-01
1.697092594787490194e+00
1.527716728611452357e+00
2.155869365329885490e+00
1.913236491295057240e+00
1.640704932219592349e+00
1.323411252201997623e+00
1.942770438328787153e+00
1.058443296703566405e+00
1.429599169809537162e+00
1.542600784415613546e+00
1.154661635983424528e+00
1.590435364733198131e+00
1.005740382051773407e+00
9.150802837482439056e-01
1.096666715140450776e+00
1.172506715631945085e+00
8.487687176852654058e-01
2.801866547105039906e+00
8.887178670971384031e-01
2.526487131501660155e+00
1.111967637153725930e+00
3.392212509856259994e-01
1.586939027581664385e+00
1.597507054358419554e+00
5.178281411366745246e-01
1.039838092765615007e+00
3.650289476390438104e-01
1.417459353925619503e+00
9.380577383116841528e-01
1.421721278178145420e+00
8.277000793784334842e-01
1.233239066390878547e+00
1.712673937644167754e+00
1.326104230246048399e+00
2.280284340103878593e-01
4.188478836416554829e-01
5.660484279909394623e+00
7.247019791638926733e+00
5.000075995692177422e+00
4.609785235732457132e+00
3.692700545156656133e+00
8.621554541050192588e-01
1.467381276097677656e+00
4.811700719431126205e-01
1.806077530425821864e+00
6.465765587841780793e-01
1.881657990119933732e+00
6.989301549525233082e-01
3.770389650769831458e-01
1.434020447825154365e+00
1.326141679273208807e+00
1.520957289856246897e+00
4.687050700262281877e-01
2.819135842936529190e+00
1.807225306978774260e+00
1.380297567512667190e+00
2.404637435577375026e-01
2.174155087578613532e+00
1.489021862479385616e+00
1.115230776742427654e+00
2.934775241668792223e+00
1.165326601380911820e+00
1.962291686249943323e+00
8.469299871458758622e-01
2.439023744046277198e+00
3.892883826292704019e-01
6.076412242403447239e-01
1.315711064537069097e+00
1.202656593487076764e+00
7.756959221493568979e-01
8.318394540807401150e-01
2.290278079445441595e+00
2.371916903794467069e-01
5.655733775394780061e-01
1.508787402245580722e+00
1.336492648651118165e+00
5.029691485012630636e-01
1.241332369910721489e+00
9.258595704981679164e-01
8.513706073229205806e-01
2.115646620808279366e+00
8.128733523444975351e-01
2.683319992030808177e-01
1.931025037925536481e+00
5.091274517148115519e-01
7.470422035010954032e-01
2.223466564502238896e+00
1.186709683381131253e+00
9.063225196471967893e-01
1.361600994529081898e+00
1.577110965553651933e+00
2.176775009279524054e-01
2.004139694666520644e+00
2.314787746441493432e+00
2.504497400327951873e+00
1.075974671262136945e-01
2.356811996949809362e+00
5.933527256498624114e-01
7.566141536116413047e-01
6.252429692672348827e-01
1.859668382176217882e+00
1.796833817948350287e+00
1.659762102592017508e+00
6.175633867577073888e-01
4.864805165504105799e-01
1.647435423411455879e+00
8.980895412575741199e-01
9.647050349877835940e-01
1.639775906334391520e+00
3.362048900700946863e-01
1.614696998564160602e+00
8.292855710948402459e-01
2.657849069147236509e+00
2.103721262999993957e+00
1.317244233225478789e+00
2.334468084487066886e+00
1.053470197102328587e+00
2.519643510566632050e-01
1.146192020167685843e+00
1.800800203441143887e+00
1.648211065430848166e+00
1.230400272977779430e+00
1.805078771726161380e+00
1.578023084153675759e-01
2.445638876995715194e-01
3.086348202772746241e-01
1.347388564035835401e+00
1.544139024611466571e+00
7.965082799845756290e-01
1.035065096343006807e+00
1.243359513456026022e+00
2.401994009931000262e-01
1.996841579951079693e+00
1.020735339212030635e+00
6.643922590611518464e-01
1.292118406092812366e+00
3.347859220905479161e-01
3.668486661536575766e-01
1.859557466433414463e+00
6.591270005562666068e-01
1.386735009606781643e+00
1.394711141736322935e+00
5.662060464304086160e-01
1.254317494774256581e+00
1.944402980130458314e+00
1.075595050091157523e+00
1.235449183051777089e+00
1.911075148501214516e+00
4.045712567016698236e-01
2.166891904345255693e+00
8.473524643223853126e-01
1.903290786192617157e+00
3.701747536958410745e-01
1.624196541963617513e+00
1.652096699349849596e+00
1.169002158662527879e+00
1.161651852297189924e+00
6.441975461852311735e-01
7.647352620784275690e-01
1.456685208028914991e+00
1.183851956469948341e+00
6.782915037371697320e-01
2.896210838600586257e+00
1.972546280216472825e+00
1.587340278356949241e+00
7.955026332287122859e-01
2.664327848990251546e+00
1.410974687577152720e+00
5.646275008254948435e-01
1.506529555302432266e+00
7.562777207462325624e-01
1.402900872631435147e+00
1.485402660045637813e+00
7.454720198757046612e-01
8.605324201222537273e-01
1.548471733075546419e+00
1.396040396851212506e+00
3.464129602402224450e-01
1.262412601667418199e+00
8.816597519766321556e-01
1.637507618777088725e+00
1.522812837264445163e+00
9.653045061886859068e-01
2.219044714445452815e+00
1.278700107963410160e+00
1.133684993202439095e+00
3.644593754886320536e+00
5.173790778809584268e+00
5.300521277435186640e+00
6.590646917091713242e+00
5.231659980523104991e+00
1.448760888011866754e+00
1.371608605516074331e+00
1.082597530432882982e+00
1.126068197522293257e+00
9.826070786026185333e-01
6.998513987189247665e-01
1.621153049533857526e+00
9.413429012395556628e-01
3.287552837377277770e-01
1.143815176365313491e+00
1.252511631255918134e+00
1.031838416666292613e+00
7.821007189446970154e-01
1.606690789295510235e+00
3.038359838459273599e-01
6.498484927346790396e-01
2.671227087852521276e+00
1.717079529135011162e+00
1.413994602246528398e+00
2.531711915102861088e+00
2.737041791586803385e-01
2.990178564209838852e-01
1.185538815320197337e+00
1.092169616426595491e+00
1.464515903330200874e+00
1.338923440600975123e+00
2.810218108506663093e+00
2.059846094435138664e+00
8.907201806271057842e-01
1.206087482735025196e+00
1.629650530468512715e+00
1.484985678649462848e+00
1.699407670926984970e+00
2.710730827448216473e+00
1.556782961335633653e+00
3.770246217856876858e-01
2.350444612001650224e+00
1.381381083640286001e+00
5.188382565326856710e-01
7.864499507261720757e-01
1.598960730678734565e+00
9.775823214266670114e-01
8.439438664172685955e-01
9.526262548414642373e-01
1.725620180823116190e+00
1.985198361406203205e+00
2.235948708752933278e+00
5.664555015679079153e-01
6.468909075288495902e-01
2.212979929017430791e+00
1.403516179125349206e+00
1.583005878334958760e+00
1.264497015284907988e+00
7.574360172696315008e-01
5.691864217496500622e-01
1.515759904015213655e+00
1.630601266635564262e+00
1.863052077404038442e+00
2.145536418629243158e+00
1.155977993083438182e+00
9.277123646095424281e-01
2.047747950084343849e+00
8.183530029944298123e-01
2.974395933770830891e-01
1.557296906775023748e+00
1.230568352283525346e+00
8.610992175918052993e-01
1.366970879874964240e+00
2.753013319471095399e-01
6.399589717394553734e-01
1.078528997891065710e+00
2.746180152034746857e+00
2.233352812544111998e+00
1.127280193322698798e+00
1.820364717688036649e+00
9.292385253167595449e-01
4.934013521787110612e-01
1.116318763212741511e-01
1.140212207364098784e+00
9.815910167139534348e-01
4.964105352734040078e-01
8.115293977056533548e-01
2.093132830048959114e+00
3.755938012193107411e-01
1.469726374072116037e+00
7.213361784633922635e-01
1.205851550621592994e+00
9.365568038180004384e-01
1.912062093327107082e+00
2.007894519462144256e+00
1.287593422157608858e+00
7.539239534465610459e-01
8.271881326418101255e-01
1.025716850545011161e+00
1.226542031262875865e+00
6.070006530471333539e-01
8.467909140943389312e-01
4.964726221207647616e-01
1.322078666596018248e+00
8.231358265469231883e-01
2.962978419808182662e-01
1.025076216678545427e+00
1.952618819573656572e-01
2.166621683184892788e+00
1.878569923418181853e+00
9.236204757918883290e-01
1.430013192809639344e+00
1.262067222727116800e+00
2.345809876881074896e+00
6.500973391792036482e-01
9.591079943315681255e-01
2.151852427582321425e+00
1.004450950055987501e+00
9.930915380351116317e-01
8.474436276377642629e-01
1.032448595813681314e+00
1.673644318225579353e+00
1.154584754322922763e-01
5.911718585932945746e-01
1.014476658699676070e+00
7.572484612656151803e-01
1.389101277774330567e+00
7.844147953263574946e-01
1.502208345849574300e+00
2.653883761296540911e+00
1.540603913058062213e+00
2.016273961600884679e+00
1.411640744380389556e+00
4.209059023810194367e-01
1.855399442185871328e-01
1.694878307386574967e+00
3.860571151197639828e-01
6.257202397676323580e-01
1.559066647826070628e+00
2.375826235028631217e+00
1.622261717252691193e+00
2.947020925503432753e+00
2.405788277670569464e+00
1.836213744448638163e+00
1.805237261325116638e+00
8.756856973732510818e-01
1.058259188368158021e+00
1.653128916613574750e+00
1.594341681580712322e+00
1.278094725216876171e+00
1.673415093653995545e+00
1.435632771060310953e+00
1.106364538061419545e+00
1.367060760010686993e+00
1.436117147981234243e+00
2.720959845361529794e+00
6.998741392592137123e-01
2.009371757948860360e+00
6.287867206848987145e-01
1.434943945339112181e+00
1.947278360059985669e+00
1.362692278089355336e+00
8.393674426479613704e-01
2.040656961596840069e-02
1.199440551687830814e+00
1.481407695708700345e+00
2.859957787117990868e+00
1.278458060768731697e+00
1.412072289928903324e+00
1.436774629615134247e+00
8.037780260314392189e-01
1.025271270370857524e+00
9.449892154658422472e-01
1.200366813503813912e+00
5.584255958426149746e-01
1.981194287027619350e+00
8.676496761889443965e-01
2.039579906170001067e+00
2.581844185893061638e+00
6.023655307244174528e-01
2.157146646330067696e+00
1.762932771791842823e+00
2.810079546196461386e+00
7.615900616373615373e-01
1.252490598425240353e+00
2.297272673318198510e+00
1.748441117295311820e+00
1.614673893525093940e+00
8.126753327853228903e-01
1.618243760659233921e+00
1.392338996248289940e+00
2.026853992098053947e+00
1.790442775117404350e+00
1.148725113649833096e+00
8.776885325991943265e-01
2.477448801733934225e+00
1.012236530730326933e+00
9.369000932259542447e-01
1.378572824898175675e+00
1.459387668570498064e+00
1.269551053445704181e+00
1.161732501216984570e+00
1.920866240463272367e+00
9.434212353261749451e-01
1.095499213974915564e+00
1.343792021469618403e+00
1.237070335555741973e+00
9.115142942221521327e-01
6.104387165695346340e-01
1.571536915330287387e+00
5.596676951322329119e-01
8.175279332410293476e-01
2.350968203327316264e+00
2.226149958284012076e+00
7.493619053769788874e-01
1.142564630035222573e+00
1.081693972908266854e+00
9.289560618307679540e-01
3.822037389350943504e-01
5.975132071294319003e-01
2.091071533923711256e-01
1.618313947302263633e+00
1.681286851041151165e+00
1.704008561790673948e+00
2.110222537963177825e+00
1.940427282942823073e+00
1.665083636579624882e+00
1.893798792115308105e+00
1.809445554740495066e+00
2.574493715713644271e+00
7.694470699501990696e-01
6.164893819563487254e-01
1.082580815379401873e+00
1.362188291460457723e+00
1.422877520721289590e+00
1.166897102311125645e+00
3.491554775542466404e-01
8.631663072539407233e-01
1.319969219751295775e+00
1.175642467999690743e-01
1.726926530620341627e+00
2.406916325058912065e+00
1.641614628770985851e+00
1.278049514280054311e+00
1.473790963703657697e+00
1.038261195581636542e+00
1.777904311178120533e+00
2.737001963004309646e-01
1.709750150451535111e+00
7.269935628309666109e-01
1.068921071309386406e+00
1.021664031631151159e+00
2.229092022663648476e-01
8.881601060026890204e-01
1.427107525756648787e+00
8.127135662135263061e-01
1.002652032257804748e+00
1.354387249631123558e+00
1.815026873279273811e+00
1.481088316367210611e+00
1.249016881720080407e+00
1.340826695201377650e+00
4.783952893982565957e-01
1.610457808460467488e+00
2.685150159938432535e-01
2.812224081742865645e-01
3.704292024025093166e-01
7.102751679132888185e-01
2.382884693440048718e+00
1.913841364941133660e+00
1.412306350282715783e+00
2.092712014353012684e+00
9.094149203698519424e-01
2.410746223948690314e+00
9.900370190172493867e-01
1.937575553094052827e+00
1.463534834051689604e+00
7.394191765728785892e-01
1.672686987157055549e+00
1.751218195411076595e+00
1.065344886549953962e+00
7.680901499359409357e-01
7.541793405835308661e-01
1.577226166896279258e+00
1.000741865784732676e+00
4.035414618397443753e-01
1.397231534609827408e+00
1.419291389577265194e+00
1.455316409735589289e+00
4.965999968385365060e-01
1.010524115158054625e+00
1.828414393711237818e+00
2.666840218119425288e+00
1.008622696385854223e+00
9.924926976150735269e-01
1.169320065202649417e+00
2.659926282029437594e+00
1.616056184002320650e+00
2.259405515069047077e+00
1.676557075338354519e+00
1.669343907945123773e+00
8.773427367786673647e-01
6.495510826772448176e-01
1.380851276830056262e+00
3.188974907538215664e+00
4.803165238461248321e-01
2.236299413860213026e+00
2.125215795480418723e+00
1.660936476938283501e+00
1.328872173812185364e+00
1.665171638788803365e+00
1.789497352428378596e+00
1.923964709463513056e+00
8.076315590582709980e-01
1.206051510599003507e+00
7.287736360018467474e-01
1.891045791582710800e+00
8.951916888886644053e-01
2.547084212708413009e+00
7.854784423625443823e-01
7.328010713404012888e-01
2.145543516675888274e+00
7.101996219596520277e-01
2.494939388091836352e-01
1.429998517559501359e+00
5.219084237549037608e-01
3.230361341819032006e+00
6.670285081223413792e-01
5.612943428280748881e-01
1.585435987369484545e+00
8.196185817720149647e-01
1.629939382521388147e+00
4.271478091289035439e-01
6.711620786382067605e-01
1.573531980550200160e+00
1.100079778200621750e+00
3.072838139102625821e+00
1.697077198049825597e+00
3.498510360032750510e-01
8.053479871794714251e-01
9.190346456061365688e-01
1.098203933895264495e+00
8.194646109895729058e-01
3.332876640687830738e-01
1.681841466719786959e+00
2.091817912541130031e+00
1.095133968393221968e+00
7.744764529486666271e-01
1.188849615996072417e+00
2.114141904716931586e-01
3.478470816483889561e-01
2.601969187512563675e+00
1.210395985816773434e+00
1.386210726390877612e+00
1.359266760542390040e+00
2.410556451365938990e+00
2.822434773568839539e+00
7.314810252929242473e-01
2.668933562347220789e+00
2.597204775141868094e+00
3.004742816207294887e+00
1.151658654913825908e+00
1.278210427055585408e+00
2.131165391607579451e+00
3.584649819388943115e-01
1.728569956177253619e+00
2.383923827614205404e+00
2.181646114318683605e+00
4.631671390399789701e-01
2.626179289330307753e+00
4.960800885365561075e-01
1.038239901831264245e+00
3.043453789603363657e-01
1.779825621984407746e+00
7.732311868070022021e-01
1.429907003872524784e+00
2.383695765955219592e+00
5.526642641338391782e-01
1.381173109215993122e+00
1.717526430093113454e+00
5.411303728249277079e-01
1.176197947220922080e+00
1.106188404289530691e+00
2.673246140448561015e+00
1.050028823235940489e+00
1.424706994758605516e+00
2.666272817246229110e+00
7.074705916416430540e-01
1.695794563148977918e+00
9.060050988819783324e-01
7.329653404422151741e-01
3.340717495732895004e-01
3.917243454543702930e-01
1.587896101707950924e+00
4.045551371585583977e-01
1.082033206847270890e+00
1.307443977629396237e+00
6.965421654626087200e-01
1.018012016140048992e+00
1.484523464892266720e+00
1.620474987626673746e+00
1.686386808559720007e+00
1.117957630741168940e+00
9.051424698951822112e-01
3.341732573309579291e-01
1.424263189540043939e+00
1.015126270459271174e+00
1.327815601569470649e+00
1.956566793981603380e+00
5.657546668234674225e-01
1.428548354320077651e+00
8.557365724670106255e-01
8.412073031849286453e-01
6.142222785510884631e-01
1.050088387081259844e+00
2.248295645494533535e+00
1.265954954115030118e+00
1.345579775481802409e+00
8.367703048321921688e-01
5.952112999706500318e-01
1.822251894678470041e+00
5.916489717286976813e-01
2.430335180156483421e+00
1.519677670422080906e+00
3.341684136458493715e+00
1.251518338351869764e+00
1.860873211782477998e+00
1.171544556961173766e+00
6.892170745163000989e-01
5.255755916798804384e-01
2.297584460346591584e+00
9.338182985629852606e-01
2.838582703054458034e-01
1.200791019222801737e+00
7.187381653799014281e-01
3.958068305678791310e-01
6.916518421989096277e-01
1.456461495353547075e+00
7.233011853129536206e-01
1.561411333545273949e+00
3.694746850426735008e-01
1.610780083977503718e+00
8.900390942337069733e-01
6.632585021066149666e-01
1.002928906601312287e+00
4.120655140616780177e-01
1.247861299933356038e+00
2.499771514511448078e+00
9.817937728355660143e-01
3.136769541781224135e-01
3.881674080673310212e-01
5.023155113950664719e-01
2.599807178266993812e+00
1.690353939225145652e+00
2.006613391232612287e+00
7.173704352400411821e-01
1.077302316683164340e+00
2.065546718265727666e+00
1.473748421113460383e+00
1.833479080093360913e+00
1.436568438699620254e+00
1.614990929463749669e+00
7.643741016224863127e-01
1.651036756699534536e+00
4.233058898683889626e-01
1.297147959899250580e+00
1.302082498878278427e+00
1.004689055854297797e+00
6.954781405717048726e-01
1.294515837199378794e+00
1.547531903257793884e+00
1.142980131225330043e+00
1.509172574327214633e+00
6.408128143485462003e-01
3.158781531814517929e-01
3.000860371309250318e+00
2.209681405044777502e+00
1.630876022143041837e+00
2.306171905656156706e+00
7.469753114123747206e-01
1.594163303788314279e+00
3.381520411651723346e-01
9.509285824901205775e-01
5.288165787081690050e-01
1.045382483155229636e+00
5.811556001235022029e-01
9.097652368688078361e-01
2.876347030659657023e+00
4.610125868943764638e-01
1.746783624325403128e+00
1.580319522042074265e+00
1.756531828727110778e+00
1.551174907208427767e+00
2.287532561041548007e+00
3.793672079071987446e-01
3.191907225618835220e-01
1.290349253894073733e+00
1.521359725211868241e+00
1.911175626787831261e+00
1.027772711562797703e+00
9.637784261949722264e-01
6.723147038223610261e-01
4.625995905886507442e-01
1.017656049027312104e+00
1.152670486607844103e+00
4.500132209497897939e-01
8.240674678426095356e-01
8.171458357462431099e-01
3.560415697165167370e-01
5.944827885403441980e-01
6.546449540983138027e-01
2.329885620359001930e+00
3.867736999626010808e-01
1.056025481283228817e+00
1.603055375108106251e+00
1.826255618677877335e+00
1.473399430090075901e+00
5.332607112841728503e-01
1.195083325836574062e+00
1.022543659666516724e+00
1.228624925706462090e+00
1.869346651613132293e+00
1.598773248834855831e+00
1.616545957178899817e+00
1.644467054140104745e+00
7.260838242941631826e-01
1.262950227239888923e+00
1.845428263961838677e+00
1.703575983855320164e+00
1.184552798111333294e+00
7.913779547934496339e-01
1.269865274627798080e+00
5.112566810136442985e-01
6.582154251074578966e-01
6.273552002314707332e-01
6.988170791885671695e-01
8.786474711948348837e-01
9.474907292508306655e-01
2.234868627577131228e+00
2.722090819608973256e+00
1.274666264625419432e+00
6.581258770150635318e-01
1.026674202529171964e+00
6.081510053834625618e-01
7.815617241302821316e-01
7.236769246756394880e-01
1.483438607478110516e+00
1.403414356865029022e+00
1.333493668463539672e+00
1.260025109903602170e+00
1.390274464499446694e+00
1.754189246689374926e+00
2.711728343409738340e+00
7.776591785980980776e-01
8.634800425396267354e-01
1.678164505005987461e+00
1.301709173739883152e+00
3.548534566673740009e-01
1.418242110926257737e+00
2.205196785701205309e-01
1.023097154424463362e+00
5.563406714646509377e-01
1.861191226121265307e+00
2.399082498920372508e+00
1.951583664012041863e+00
1.014470628298629329e+00
2.664128112159217521e-01
1.053080117115939185e+00
7.023125574279075467e-01
9.672914802823506797e-01
2.472638467050648714e+00
1.667489641639616105e+00
1.591058459384589119e+00
7.289614412178871961e-01
2.356606393832189728e+00
1.687944815247046648e+00
1.253344528230253552e+00
1.483577473371033850e-01
1.117627352982502487e+00
7.240551604639650085e-01
1.036078320498293515e+00
1.646721798862403219e+00
1.115106442107009377e+00
1.190918610073389505e+00
1.049845405903404805e+00
8.979921920961210224e-01
7.743803555903001623e-01
1.169458635426448234e+00
8.998458892781707741e-01
2.335559746659102931e+00
1.843022458315527468e+00
2.218059542239448234e+00
6.797817493458737648e-01
3.920466545200169683e-01
1.628251145025171542e+00
1.679801882435908000e+00
1.820413494812245236e+00
8.463591774623083763e-01
1.294538919350355810e+00
2.825425073363141415e+00
9.902529571778272421e-01
1.362451996257425080e+00
5.215037351828075707e-01
8.311974513897536498e-01
5.084169026975102756e-01
1.789574382484598880e+00
1.363649154823897813e+00
7.631360500202007957e-01
1.055389204091852218e+00
2.456535290440491792e+00
3.759168191582296648e-01
4.624743787003007256e-01
4.956474069623660883e-01
7.535616370913909012e-01
8.596249933428518064e-01
5.621075236687175236e-01
1.208476313700856952e+00
4.320153367597551752e-01
1.625000000000000222e+00
2.156025824450440886e+00
7.332358792248024892e-01
7.933062761136951968e-01
6.085101655279265831e-01
8.726025777371593239e-01
1.542727470708060711e+00
9.034257428719278948e-01
7.895641795769370308e-01
1.382581218486522712e+00
8.465423097146274056e-01
1.092112300586884466e+00
2.118755087937184811e+00
2.246994586624129209e+00
1.433873334795745080e+00
8.773326715842086898e-01
1.444936624314021589e+00
8.632854405549285071e-01
6.768549958300368319e-01
1.396596399169452773e+00
8.937823509470060879e-01
7.126552629480662482e-01
8.062243556087421714e-01
1.136945212791551585e+00
1.229561993708704115e+00
2.030394960082352096e+00
2.132029955087542561e+00
2.099783278358164029e+00
2.111193301413090140e+00
4.154015535625058542e-01
9.152305929859407829e-01
2.392001702422076992e+00
9.671058368130952543e-01
1.988495980662057239e+00
6.552537423574705810e-01
1.028113749682760591e+00
1.138180723983810427e+00
1.075561043689252649e+00
1.503129323466754430e+00
9.012012985370838614e-01
1.661330842517050321e+00
2.101690534797265197e+00
7.649626669136414536e-01
9.306726002545836485e-01
9.192602660843587348e-01
1.441953155823737065e+00
9.158898531574336532e-01
1.008805728114116285e+00
1.353605771751383191e+00
1.231800005429341871e+00
8.305212536153619984e-01
1.785463490556560950e+00
1.771983139490040271e+00
1.105609618730688082e+00
1.413597238069314699e+00
2.386707334906479350e+00
1.204002805887448124e+00
4.166407339734387039e-01
2.371567125632824402e-01
1.340658085671167232e-01
2.102857521429084997e+00
1.260463660823416099e+00
9.626190877244025224e-01
1.566476453810511593e+00
1.689945082658574016e+00
3.127069599474027739e-01
1.908052997773566739e+00
1.620565347794730382e+00
1.442013486281652934e+00
5.021756481189946220e-01
1.456201043894730596e+00
2.288669447536032742e+00
6.130715723159904096e-01
1.205751358352197489e+00
1.345005666111071418e+00
1.947160474463444535e+00
1.382751171985130145e-01
9.278890147117003773e-01
1.070694414247113091e+00
1.597449936530916048e+00
5.916220711088224782e-01
1.348009901118466303e+00
2.871442842428053588e+00
1.619513009078084709e+00
4.303606841043421949e-01
9.709797270225046795e-01
1.531706581915508902e+00
2.656117842837737442e+00
1.186988541624301119e+00
6.296706298493535137e-01
3.297702950058076232e-01
2.059838304753552674e+00
1.852021551409049893e+00
1.282532099199733100e+00
8.203687816184173087e-01
1.664215413007862798e+00
3.379269178393500828e-01
9.937508947154785055e-01
3.492705209516919207e-01
4.623218808330270546e-01
1.650016632602611999e+00
1.397498438323608427e+00
7.253883320446860017e-01
6.442342994026825087e-01
3.382749400072777579e-01
2.187322940421901674e+00
7.840920198300482813e-01
8.727170615555537303e-01
1.412091889205827400e+00
2.026667154073346744e+00
7.784509918966240338e-01
3.114849306441792032e-01
1.185366045810713143e+00
9.419553503240932768e-01
1.076218761041572769e+00
2.282968419868595777e+00
1.633010348722996108e+00
1.655862245691310797e+00
1.487665370836430245e+00
2.473859416746528428e+00
1.224277970003599281e+00
7.266700604111395734e-01
5.751201334784721286e-01
3.976554115371116471e-01
1.730112872840461335e+00
8.700512070861721181e-01
1.122453062012189529e+00
1.092358846965891361e+00
7.254856317923646936e-01
9.323051005581182160e-01
8.936398693712145347e-01
1.223321485303850098e+00
5.938627956213660131e-01
1.282687496129448768e+00
7.241316233297766525e-01
1.959375194881100013e-01
4.555634821132608647e-01
5.604451846718202512e-01
1.372712769262981025e+00
1.833358009657737542e+00
1.223170975990329090e+00
4.867918032622047808e-01
9.683972840018119088e-01
2.191306412443271068e+00
1.695029997267230915e+00
5.834638481860079384e-01
1.535156907769914092e+00
4.162309712351888735e-01
1.722046354893300713e+00
6.833491985047961403e-01
1.834737936076181075e+00
1.064888220066442903e+00
1.700550465587217452e+00
1.606860618945561425e+00
1.197885667705608892e+00
1.903270394139050525e+00
1.667574271081448511e+00
1.589010810111498806e+00
1.281803656471466990e+00
1.166441783646049724e-01
5.327622199995993846e-01
2.279220856430428821e+00
1.668614914714428465e+00
7.211103790971371552e-01
2.829533714276925682e+00
2.261187289022543456e-01
1.198617543028887900e+00
1.370934996016090368e+00
3.281452229279750443e-01
8.433113595147302410e-01
1.049634764533277975e+00
1.306204833913233443e-01
1.711904068516795441e+00
1.162164590608224524e+00
5.088700177688599835e-01
1.042292616209355538e+00
1.847233192565530313e+00
2.029450110013507835e+00
2.449574001069836360e+00
1.690884908871295444e-01
1.056190154170946638e+00
1.766126588933750519e+00
9.942263323787347007e-01
2.018193627150588920e+00
1.332780043992463526e+00
1.398863390200261403e+00
1.751094404766462720e+00
3.481615575762297965e-01
1.695245590685785064e+00
1.516723500768755617e+00
1.753883745625703483e+00
9.686713198877283659e-01
1.289871376626175792e+00
2.080180518526765443e+00
9.602028897775594096e-01
7.911927020517144360e-01
1.005876404095512600e+00
1.771357053941714721e+00
6.175850744387439972e-01
2.288960488759579803e+00
1.577697251801027267e+00
1.505768161132841509e+00
2.536026075757435994e+00
2.106860021840879948e+00
1.053130705096448017e+00
1.890341106648175007e+00
1.466087245329936062e+00
1.160368641857736582e+00
1.749663652662356572e-01
1.669288160511706920e+00
3.072746159088778573e+00
1.919434590616915237e+00
2.136509727831034766e+00
1.085518080815952136e+00
1.131707696220032977e+00
8.448083543546178742e-01
9.770474810210407757e-01
1.357986647972240446e+00
1.338856916728952129e+00
1.582287113526627209e+00
8.667803668020438446e-01
3.266994396865294359e+00
2.046576526562545517e+00
1.002358619571278364e+00
4.051027757459914613e-01
1.070371220675380375e+00
7.547118444917737534e-01
2.373574902266656350e-01
7.026682365052407953e-01
4.373681777742965404e-01
1.325909679640901340e+00
1.204502316565927211e+00
9.734276723961572397e-01
8.838378380284593883e-01
8.919544908218631774e-01
5.422649599322823533e-02
7.780299602008312609e-01
1.410705921051754741e+00
5.282711989059164504e-01
1.197876115937469343e+00
1.043866656244320845e+00
8.232851835436266752e-01
3.553925639467020225e+00
1.017230210683062852e+00
1.248034080976939686e+00
1.360941055549042433e+00
3.159341293770298598e-01
3.884912127729617803e-01
1.892583789054045118e+00
1.570151690160468405e+00
1.054451789567047104e+00
1.149513187798715030e+00
1.360350138538696907e+00
9.926676946475158081e-01
1.561260625971140126e+00
2.263182331959839644e+00
5.034875386334345393e-01
5.808952239247847649e-01
1.947127891705759062e+00
2.511969191901095577e+00
1.932966540144785084e+00
2.081150565405174013e-01
2.201964014199136788e+00
1.420831465436466434e+00
8.176893993652601944e-01
1.129403419979583267e+00
1.951274669671178463e+00
1.913189395277137717e+00
1.484905798750312034e+00
1.545368071262354093e+00
1.172971533990027904e-01
1.742477545552249818e-01
6.884259462451812750e-01
1.262988995052080066e+00
4.912589037494173305e-01
4.295650226158304053e-01
2.547596211037173930e+00
1.375976232201503224e+00
2.297084902272082729e+00
1.726017094823539155e+00
8.857794366290460131e-01
5.808973226674396528e-01
2.075349189021422625e+00
1.061641701002496330e+00
1.637917465216943924e+00
7.886142431820548637e-01
1.826771360440509362e+00
1.993058184431251378e+00
1.521242730476690230e+00
2.737100123964057108e+00
1.713487502383819416e+00
8.798242232713213706e-01
1.506968429829343536e+00
4.416900114164145630e-01
1.152203993649558944e+00
2.011302401603382695e+00
1.426857388894199996e+00
6.660045647017641679e-01
9.063896858104982801e-01
1.675560430969942560e+00
6.551176503811322327e-01
1.037027200068906252e+00
6.993561180902303498e-01
1.658332196684753290e+00
5.395252015290827874e-01
1.288680936738850091e+00
1.227390855412345383e+00
1.266943934530156968e+00
3.270594658635238017e-01
7.470964543949191183e-01
1.866469054080456935e+00
1.085930517705907095e+00
1.059521313565959355e+00
8.999244384051936496e-01
2.449739573400083525e+00
2.183138531461505494e+00
1.148614869012725137e+00
1.306974838658647720e+00
2.384189634823770110e-01
7.362966375336508218e-01
1.471014184800568003e+00
4.391819728378753007e-01
9.430366179429143791e-01
1.309873375651712912e+00
7.004877782979075374e-01
9.904414518022841563e-01
1.341282196857548792e+00
1.558317897470760549e+00
1.524733583330680098e+00
8.177666878728189204e-01
2.232105308076842431e-01
1.861013319232214247e+00
1.162921989767582653e+00
1.106294323556093140e+00
9.192517424621414746e-01
1.609261242972672923e+00
1.784583332427963631e+00
1.199332863999975185e+00
1.481987084228818086e+00
2.999834779216655756e-01
7.457801586393097981e-01
1.136831218001645549e+00
1.193955551370673218e+00
1.599303437208028811e+00
1.780000192256678382e+00
1.602224870848150351e+00
6.948098952216580360e-01
2.047345669000544266e+00
1.250503227225337355e+00
1.939557909585608586e+00
1.226685434490643267e+00
1.580028360922362429e+00
2.373839860205236629e+00
1.256443003865442609e+00
7.051774168689948219e-01
1.788861079177106461e+00
5.106020831872916110e-01
1.421618872096224839e+00
7.972728837128831847e-01
1.690310977968903228e-01
8.159481557920565953e-01
5.442642710134626416e-01
6.351705533053616515e-01
1.274579410512351796e+00
7.805177727117570408e-01
1.708311214438287262e+00
1.050074177232555694e+00
2.075316117973375896e+00
1.526099626933855369e+00
8.195393316562566977e-01
5.049225848300348263e-01
1.061267352890547189e+00
8.520380290763602815e-01
1.141732934282468248e+00
8.191041378628556302e-01
1.166086077264337773e+00
9.149302463079572734e-01
9.371298795142076754e-01
1.633317122404784882e+00
4.897726318391755762e-01
5.957215491526326456e-01
1.572083397583672104e+00
9.816079711059477741e-01
2.708092470955494768e+00
1.675604722725724027e+00
1.127133289479091305e+00
4.194332826337716646e-01
2.805858014758238372e+00
9.074272696740455224e-01
2.449035330977537672e+00
3.724286976858026676e-01
1.139368453845101659e+00
7.404890414407752086e-01
1.823692775600806781e+00
6.513785277516935812e-01
1.084586077231666668e+00
1.648242450116618851e+00
1.048330890256431003e+00
5.821376460020726284e-01
7.393038661350401775e-01
2.085792738690751769e+00
1.825099646748908011e+00
5.119846761111742639e-01
3.394594001686372042e+00
7.282973713812281868e-01
2.417416095864302950e+00
7.126954413770044683e-01
1.675053575546574081e+00
9.913089514030778426e-01
1.261839289789235652e+00
1.369514988350271301e+00
6.650445454024005443e-01
1.941349582776804139e+00
1.663229316951130077e+00
2.229867881249258055e+00
1.561640308519665732e+00
1.815394318001577245e+00
1.305009163279318818e+00
1.063175934752842888e+00
2.418759732479007774e+00
9.442386208018089810e-01
1.598167146402239336e+00
8.108696083893138784e-01
9.189154555940024505e-01
1.870830340649180856e+00
1.667530838698142892e+00
1.358581040310579580e+00
4.759879882521423911e-01
2.649411805368524497e-01
1.553317414023974719e+00
2.668952210527217872e+00
4.930472954699716137e-01
1.100689973038368796e+00
1.119191283109905344e+00
1.854528475417179356e+00
1.811288682496742464e+00
8.908759033318470744e-01
7.257947098579776712e-01
1.157731005373515476e+00
1.047158658869856929e+00
1.529177750730505991e+00
6.690766977774914581e-01
1.920068229639878110e+00
2.116981274433630045e+00
1.198246703887755782e+00
1.461062985668117653e+00
2.422755702993175386e-01
1.699238948668971183e+00
3.082281434662759612e+00
1.207923514772959228e+00
1.786671450064273303e+00
1.420867295373567485e+00
1.583010384922389768e-01
1.706511732348719113e+00
1.049997325062344444e+00
2.006989606648928781e+00
2.953016552890045165e+00
1.625440530200570999e+00
1.999837393187703150e+00
6.872894951200309022e-01
8.757656426552095086e-01
1.377690877961109228e+00
2.210094133263208249e+00
1.013446593272250951e+00
1.819619249411053907e+00
1.100543208144654894e+00
1.228870552893530421e+00
9.335066584851270388e-01
2.321975173160681472e+00
1.046263519580384882e+00
1.298787127902004457e+00
6.381085789241628392e-01
6.443844639122754403e-01
1.195850110853229786e+00
1.760281687761564851e-01
2.939200617231239931e+00
1.131209542341215624e+00
1.753510655714737743e+00
5.494251349413389329e-01
1.478677903678429884e+00
2.240633534423435602e+00
1.293699809419909474e+00
1.348207868237144336e+00
4.785390269220601844e-01
5.425629064562051962e-01
1.239326238768841959e+00
1.295903865999496363e+00
1.824169242253710799e+00
1.203428141148827235e+00
1.534965910551514989e+00
7.115284519018925113e-01
1.452387564315090085e+00
1.128420108453259685e+00
6.726567194697713470e-01
7.329788936018419854e-01
5.913827798842432593e-01
2.561395450383700201e+00
1.636861161590102309e+00
1.082544732064670834e-01
4.764270333620581055e-01
1.661760125977851388e+00
1.838339106249974986e+00
2.251530575008292290e-01
8.999660656087252741e-01
6.745027326980572724e-01
1.836338145293605617e+00
1.116251360808135029e+00
1.176843761194338978e+00
4.075146330736412192e-01
1.025817035717820680e+00
2.082994705521322931e+00
5.358062396985185938e-01
1.442924547576899696e+00
7.491198458000125626e-01
1.157573725525511188e+00
1.112972608417417630e+00
8.456695568381048522e-01
1.397818785235786621e+00
2.039209866238505864e+00
2.209839448016989394e+00
5.248110764790437921e-01
2.134093326194198781e+00
1.120658343751555153e+00
1.750091642066741393e+00
1.441607959464878297e+00
7.799756315311597854e-01
8.518051061326222806e-01
1.251021014033870449e+00
3.669402155768388130e-01
1.496992773526661269e+00
4.442102313078209463e-01
6.746223687016067450e-01
1.939731388542306867e+00
6.291480631118349098e-01
7.720778984911542686e-01
2.783873425096550225e+00
8.277583097677396751e-01
1.553177630353486327e+00
1.125257676672129614e+00
7.485471638642335890e-01
1.399272807301970012e+00
1.041600365437097109e+00
2.183323518957560161e+00
8.200355143336638397e-01
1.192788442838782714e+00
1.755463145768226152e+00
6.017190858918299856e-01
6.879909713811279692e-01
1.416086846693692225e+00
1.412657250678277521e+00
9.827321928032378695e-01
6.436927400606576866e-01
5.408079118480992875e-01
6.923059128509361226e-01
2.237419262550511156e+00
1.664228987156170625e+00
7.699439051759922048e-01
1.097506966061530642e+00
2.558629900938981461e+00
1.335777991260870490e+00
1.683539959362777561e-01
9.782644590508955407e-01
7.088235007714798197e-01
1.970895737651468194e+00
1.876718354565052094e+00
1.974939964715342500e+00
1.287314774736638245e+00
2.696263444115425956e-01
7.188843631744534779e-01
9.225767452045492423e-01
7.963394338522922222e-01
5.948720508255090911e-01
8.303491259355777476e-01
1.870728013776861154e+00
1.239522019868616542e+00
1.543187086200839664e+00
1.212018475464728517e+00
1.691244558986112700e+00
4.567690521035474016e-01
1.359435764485538156e+00
1.380710699160236477e+00
1.959952798719332812e+00
8.245823373509346688e-01
1.193181868031324200e+00
1.815383151475801649e+00
4.848245179226528534e-01
9.309621995200403344e-01
1.053273018168182196e+00
7.017876954178104976e-01
1.559001304318468728e+00
1.247565616983651093e+00
1.627954255370380743e+00
1.423728486242032520e+00
1.153548147889053688e+00
1.549682283626417467e+00
1.199189366348244690e+00
9.623217926551559664e-02
1.690387319738481553e+00
8.833479544675760797e-01
1.966801885627373014e+00
1.415567905796101478e+00
2.049189781244490138e+00
6.259502571676669458e-01
1.124242252208990767e+00
4.123393185496102009e-01
1.908543692035120420e+00
1.807596360387896617e+00
6.135106148542235349e-01
1.305852424795465261e+00
8.112269876622592024e-01
1.822775711185590897e+00
1.638448406957807579e+00
7.121682245216346407e-01
1.734562980513408625e+00
1.041354469177810271e+00
2.363304043344268024e+00
2.912506313966160221e+00
7.950803599561885315e-01
2.024858288132767470e+00
1.405240932947127597e+00
9.119940810878808257e-01
1.272158764607106862e+00
4.676412293907528661e-01
1.169039677017899903e+00
2.723923432290575319e-01
2.000355014307804158e+00
2.164449902937670256e+00
5.470233439789177199e-01
2.212783695200023271e+00
6.494929063797807434e-01
5.367003019089420235e-01
1.174944789013506741e+00
1.176250351834825514e+00
1.565983330114537608e+00
5.922677433173469952e-01
8.425285773965976999e-01
1.006211110757305738e+00
5.068673353936672399e-01
1.332604333232101368e+00
1.141748926904606165e+00
6.393025897898167997e-01
1.178547674077939478e+00
2.662591728498602262e+00
5.730049750963778221e-01
1.167269680824019745e-01
5.826733091403244469e-01
1.031200849599160474e+00
8.771443210587572814e-01
1.505297528003611829e+00
1.900160136835498337e+00
1.034135762187403884e+00
1.733089704549473753e+00
2.589214070070248841e+00
1.658646225814842889e+00
7.199205651710164355e-01
7.765199401086506636e-01
7.452910623502528864e-01
2.038803988092284580e+00
1.399318159863222499e+00
1.578692938279074420e+00
2.027631405870664150e+00
6.576386913459869588e-01
1.996703055209278155e+00
1.837659725200505800e+00
1.289151621810375126e+00
1.750782331490492449e+00
1.180992154339410849e+00
3.189296001512678114e-01
1.033395972956250075e+00
1.435527144289987511e+00
3.235327228178123127e-01
1.651822165083215443e-01
1.110059296400157214e+00
8.247725810350743370e-01
1.192554506756557497e+00
1.908339279276860978e+00
6.630501958898465942e-01
8.823389758653705783e-01
1.372559371363883063e+00
9.436074268671758025e-01
1.419641098386391409e+00
7.674491829192275905e-01
3.572745386761560504e-01
1.629427797021341995e+00
1.822992220012093156e+00
1.339421251182964179e+00
2.080446602904019393e+00
4.723744824471662884e-01
9.068208362690650670e-01
1.017828409549064617e+00
1.685385076670350868e+00
4.128884896588240760e-01
1.795985543806232654e+00
1.003035884808307632e+00
3.601671090490911720e+00
1.162710478189131980e+00
1.747228568393766501e+00
1.077353066330792419e+00
1.001851021760090443e+00
1.413711820672038488e+00
1.621557462861917598e+00
1.503668891964438759e+00
1.353881824596864902e+00
1.987077764777186228e+00
9.772488657507548693e-01
5.004988360598827679e-01
1.258367662950571342e+00
1.595918068241551468e+00
8.872514005874949650e-01
4.658885399716469200e-01
4.402811234457622569e-01
1.618107146212704128e+00
7.257161441382056211e-01
7.095587761868370480e-01
4.329004912097046409e-01
1.778291557597892147e+00
1.176411349053825939e+00
6.952675252340034806e-01
1.453282307208521473e+00
1.144520691529110845e+00
5.641917109859725388e-01
2.024916702351327480e+00
1.459378165365859292e+00
5.997955237928445094e-01
1.199571803597152542e+00
1.419408355748733808e+00
1.254433764475670676e+00
5.824868727920498035e-01
2.160819244216394708e+00
2.109339643367108774e+00
1.685423294687238949e+00
1.516325937623119735e-01
1.428695253868550230e+00
2.168246500930795850e+00
5.315867631731256981e-01
2.234472347492742372e+00
1.639224792488628957e+00
2.585926156459377179e+00
1.248917937485667817e+00
2.376380042723185426e-01
1.319302502024363610e+00
7.619228921538455657e-01
1.546182400446764804e+00
1.137885809892264177e+00
1.602017235540686313e+00
1.774249380339987026e+00
2.276922508533533840e+00
1.085648848184067594e+00
1.586753489915440296e+00
1.067349640860089238e-01
4.546980662149747721e-01
6.829864344744310811e-01
1.550223617675725585e+00
1.302859034571710817e+00
2.173004208751408428e-01
1.375938786116937207e+00
1.193380036259097388e+00
1.895288241692230313e+00
9.851840897950728815e-01
1.278036628031067545e+00
1.194317752170766189e+00
1.715398137922230060e+00
1.783935219106348224e+00
1.505410565873780637e+00
4.981697480085475194e-01
2.020298703204106427e+00
1.022913481116486389e+00
7.245717889827660851e-01
8.563676804774793538e-01
5.126910738882285434e-01
5.920894320027730862e-01
2.185776581751548875e+00
1.931814250660256027e+00
1.438097169683302479e+00
1.412947966272058764e+00
1.408892333011735110e+00
1.410676494784957491e+00
1.402016031712615796e+00
2.010069641441532440e+00
1.535306157354596079e+00
8.003640225109059925e-01
1.075079002298221953e+00
2.386463503061329039e+00
1.748324879888122574e+00
3.401278829811019699e-01
2.673800034918339286e+00
8.303974394765127887e-01
1.520368912399682415e+00
3.551447948025163170e-01
1.844208287241319022e+00
1.417961447610770698e+00
3.703655953545661461e-01
5.546962475854465557e-01
5.327019295555622813e-01
6.702052616027399656e-01
1.802587815389149029e+00
2.024157347915861216e+00
1.038070166668765948e+00
1.770518527787797058e+00
3.536566618793735461e+00
7.975908651755057033e-01
3.702144454499551318e-01
1.522631590052240025e+00
1.605377098572491057e-01
7.287226380190886532e-01
2.258773847025237203e+00
4.024161358739837269e-01
1.515186203291184475e+00
1.796867206460127653e+00
6.924041154026976397e-01
1.460853206835077467e+00
8.051429755021300982e-01
5.904723274867970106e-01
7.573515119764500092e-01
1.693166952976189465e+00
3.043103515963188954e+00
1.380903087828976084e+00
5.718153081468639876e-01
6.065811875346467374e-01
1.733967746990382475e+00
1.495065947209328838e+00
2.766954495778606304e-01
8.206117152016234595e-01
9.439249198858843393e-01
1.021472459113259790e+00
4.312473442866072149e-01
1.176190310376478587e+00
1.510033066188635420e+00
8.804271592235298760e-01
4.423005606208639806e-01
8.478394430031596096e-01
3.372839651099004410e-01
1.214371329510726127e+00
1.006352022502184917e+00
1.593749397836911275e+00
1.470371838901950889e+00
1.463430503681075523e+00
2.649516340295523076e+00
1.040496440884911555e+00
1.714169775884927027e+00
1.514707966881322809e+00
2.245595443205581798e+00
1.578680049613209846e+00
3.557151277014613533e-01
1.824248880736285550e+00
2.071829342637173887e+00
1.452979705402910104e+00
1.439540431536337595e+00
1.583397772010608051e+00
2.005665608372007913e+00
3.855983996566448857e-01
1.002151289419002778e+00
8.950675648336987589e-01
6.672505624331733776e-01
1.506212865378175891e+00
2.184096397945542556e+00
1.710691279157470213e+00
1.870878322492137480e+00
1.817707421133702761e+00
1.040050229947026894e+00
8.767951631182316907e-01
1.940048116183818783e+00
2.279071533349153800e+00
4.200554851240831944e-01
1.779992885294213512e+00
2.299802569440176914e+00
2.083224317339058551e-01
7.029800103109169473e-01
2.173166385277531365e+00
1.081282119957296395e+00
2.720393408838765570e+00
2.305167554160115095e+00
1.174708413518859906e+00
2.271282234277629541e+00
1.079513739597628863e+00
7.438333851299665511e-01
1.481184190165859116e+00
8.466559011882012209e-01
8.065964363156072903e-01
2.012814430264556087e+00
1.311525519759136227e+00
6.843289592810366528e-01
1.311778280113706119e+00
1.405800582500139395e+00
1.352699108304922460e+00
2.067656199925685723e+00
1.372711487976316702e+00
1.159570416461437992e+00
1.288367573321868687e+00
1.395137452995886651e+00
1.397109179912875421e+00
1.064257166252213338e+00
2.835089464220924782e+00
1.462048080216725943e+00
8.765547869095864364e-01
9.338096590624422877e-01
1.062268733483973771e+00
1.123514965448079828e+00
1.529170915736963066e+00
1.303058164188872992e+00
6.757011664603072010e-01
2.190492804297279328e+00
2.226273444028848747e+00
1.908258975859166817e+00
6.397930233820722234e-01
1.010414505685629516e+00
1.195787829657661616e+00
6.718002689436854968e-01
8.198363960815215901e-01
2.909283952716760213e-01
7.630154814881842107e-01
1.964237862316987326e-01
1.957052430463510184e+00
1.696942848452306585e+00
3.475334395934517873e-01
1.418790951338268824e+00
2.099567154742525865e+00
4.620488744902258027e-01
6.105378340877101184e-01
7.636355330969510913e-01
1.094649275130592958e+00
1.453866820161848983e+00
1.679140027324968754e-01
2.527433987913285662e-01
2.620032405401909958e+00
7.827777609898620703e-01
6.958024406839262710e-01
2.063254664875151967e+00
1.943421153752288744e+00
1.530074120384949055e+00
2.529680504728413659e+00
7.144946440192261328e-01
6.272942732937731858e-01
3.140683189055193392e+00
1.316050117233354300e+00
1.606474136778483830e+00
9.673705713701689080e-01
2.213066536837171583e+00
1.442628217787507827e+00
3.217985349172292064e-01
1.354200276423512816e+00
1.059871267976139730e+00
9.058298153699393396e-01
1.820209714171829418e+00
1.224989550020225471e+00
1.179848704999532538e+00
5.098902751162565083e-01
4.445361517481097313e-01
1.116454966009707395e+00
1.459109411543137780e+00
1.030139098876957426e+00
1.648422559274908217e+00
1.388752226233970433e+00
2.130727904421620078e+00
7.665180277086597327e-01
1.883044275882838736e+00
1.994566234959720963e-01
7.334046665031500600e-01
1.141768687931776771e+00
1.732300177906780370e+00
7.661681312809038857e-01
3.715960755967093188e-01
2.285535753749169618e+00
8.377716564518170594e-01
1.342447585233430996e+00
1.883070588477296248e+00
1.836229592755370899e+00
1.935010269257656956e+00
1.939333949268867485e+00
1.149827200605575861e+00
1.020136613621924093e+00
1.711994406159053073e-01
1.651819879203036745e+00
5.925208145013335370e-01
2.308899477907982334e+00
1.103865490451001019e+00
1.967668549940975620e+00
1.336811724753114827e+00
2.730900545933131696e+00
1.847987330623453994e+00
1.249845134705459548e+00
8.378874256975206158e-01
4.679143276696725029e-01
1.129580755604711717e+00
1.994218071438107698e+00
6.398380481560013155e-01
1.084068161154712939e+00
2.562028987748448117e+00
6.860388351937727336e-01
1.030656284589955146e-01
1.366504763431522163e+00
1.480691716736227903e+00
2.822851699743082476e-01
1.068703592620133591e+00
6.185998871373246111e-01
1.948341840512489265e+00
1.486753095170207040e+00
1.115852072429552200e+00
1.830011339567901407e+00
1.114981319279455763e+00
2.796695316690879007e+00
2.178447194267749687e+00
2.047065962955431306e+00
8.099688877131235032e-02
6.233133394986665188e-01
1.785834356056653638e+00
1.194696305244603129e+00
3.772916291143158518e-01
2.096988196218217693e-01
1.384412635199213204e+00
2.811554256578243649e-01
5.434112495305688517e-01
5.423163044589088821e-01
1.703641402400956961e+00
1.640774973900082978e+00
1.373332493358942141e+00
1.200403625055255663e+00
8.818712381310243043e-01
7.022821777468255533e-01
7.519221022433171253e-01
5.242627450496593067e-01
9.712308646518363897e-01
1.732090442861238255e+00
1.218202102809148535e+00
