-1.085828942632257821e+00
-3.521556521362241843e-01
-1.575133992818766315e-01
4.318684476317147802e-01
1.241665184869832128e+00
-1.459921782727848560e+00
-1.080693171472336012e+00
5.703159218231113048e-01
-2.520454445009162603e-01
-9.199430808814876848e-01
-4.739890717288163247e-01
1.637047419677938098e+00
-1.397143764635506491e+00
2.844691649438980452e+00
6.539178693521630059e-02
4.572250324543671862e-01
7.033116892295133704e-01
7.074472503128701462e-01
1.488728680187056064e+00
-7.621252379384569897e-01
-4.819060305034492675e-01
3.402178608802732374e+00
-1.914116450480158438e+00
-1.026083138715371490e+00
-1.423972741177768064e-01
7.881952905889787475e-01
1.947968311031371691e-01
3.506622480019088162e-01
-4.976121323478582825e-01
5.171579087261957142e-01
-1.267253147510023270e+00
-6.176476461543515262e-01
2.203181541963702639e+00
-1.536229015992793268e-01
3.340769822423194091e-01
-3.345051821156638239e-01
4.334816711469836603e-01
-8.761270719092391079e-01
9.191975499977069752e-01
-1.390007959022960371e+00
-1.668461732016243593e+00
-1.544311101991765689e+00
2.789363411913420521e+00
-7.389729708603924585e-02
-1.187879792023007752e+00
2.008653250771155641e+00
-4.148691870876335952e-01
1.136374882216293347e-01
-1.486471490192945000e+00
1.061758270503900592e+00
-6.692392020996215107e-01
1.074626660709290249e+00
-1.849197343910853775e+00
-1.500497342636133657e+00
-4.789814264826465218e-01
4.038837100550565773e-01
-7.188737071361637199e-01
8.504929930351641243e-01
-2.542177518564960437e+00
-3.945931800303984271e+00
1.535529069641512923e+00
1.475747464430579026e+00
7.967419485663440604e-01
7.166726058304518920e-01
-4.193557421014290076e-01
-1.405099559627616346e+00
2.194260736388429667e+00
3.149266087145357051e-01
-3.415173829621021007e-02
-4.208069218331056405e-01
1.968620980949314037e+00
-2.231079208559119120e+00
-1.041471776695420459e+00
2.257232837747044918e-01
2.651340103042265639e-01
-7.630776447996177048e-01
2.197122666385221024e+00
1.943535702007374688e+00
-2.225377367466190304e+00
-6.051000475920912391e-01
6.709142669139245285e-01
3.960182733113866704e-01
4.469675462437835423e-01
1.264270641232501935e-01
1.285034602453018371e+00
-7.373493157293738998e-01
1.440054338228163200e+00
-1.515811927484697508e+00
1.556149803334894166e+00
-1.525818425671957024e-02
-1.056811440403701674e+00
5.395988792325012717e-02
-4.039821511311053048e-01
9.869424888977615939e-01
9.886627484408244682e-03
-1.004393306048867451e+00
8.089606554163992769e-01
2.059964226707521995e+00
1.231092181440464506e+00
3.810486564828003964e-01
1.220194791847729165e+00
-1.979453833836664955e+00
4.538814074765918360e-01
-1.494325355827906154e+00
3.960693613148436043e-02
-1.318034906958876817e+00
-8.985044499137584406e-01
-7.328324794123816099e-01
1.166805869486303993e-01
-1.109301187468468564e-01
8.372372788716039294e-01
-3.861211852118803245e-01
1.382988904834641763e+00
5.729367519869533742e-01
-1.271367260993444825e-01
3.238260340480424215e+00
-1.476705679022678019e+00
7.200049803989772013e-02
1.014504081758978105e+00
1.042144659469471102e-02
-2.256026226533918710e-01
2.290240666729378649e+00
6.259879027953629826e-02
-2.289477665880956803e-01
8.612149120599703611e-01
1.487943983022581573e+00
4.007580677622222254e+00
4.293448421256788272e+00
1.859439270324506177e+00
6.623743051524961789e-01
7.320842335164285952e-01
7.431069831992124231e-01
-7.360116125190667713e-01
-6.965101645190532320e-01
9.991560372525747358e-01
-1.017997263960996657e+00
-4.942833920009465087e-01
8.248776725309768798e-01
-5.276189453434643184e-01
-9.340994143855030352e-01
6.347663297927838011e-01
-1.028696884874638506e+00
6.150089843797845734e-01
9.938137294520420217e-02
2.112446463906845651e+00
-9.418547493560879280e-01
2.617300028147496738e-01
1.002228354991475889e+00
-8.872072772842330979e-01
1.505715549010298027e+00
4.535565144753585520e-01
-4.027410121085589489e-02
1.840081755315179368e+00
1.806396661253024671e+00
2.598804381994987978e+00
-4.186503792857141359e-01
8.795576403062976834e-01
1.036456303059627881e+00
-6.424890187881282522e-01
-3.462375793616313535e-01
9.212509774752116742e-01
-6.633214974056111934e-03
2.369757218530866849e-01
6.040482018399676023e-02
2.012500392574592123e+00
7.619711384037335389e-01
-2.404002753175296381e-01
7.439096959275310894e-01
2.607443451007487312e+00
4.674539108148244582e-01
1.359457697251036823e+00
-1.347885649756147552e+00
2.633547082398683681e-02
-7.088478838217528999e-01
2.177637526465965312e+00
6.204530002114193588e-01
-1.633350832972272126e+00
1.425428269567569739e+00
-7.464129057181830007e-02
-5.814120656856972547e-01
2.854190967662680878e-01
-4.083661248879780770e-01
-3.144320395979559812e+00
-2.454559001922413941e-01
1.114433007818063093e+00
-2.590890328509308782e-01
7.413884107826385073e-01
1.226725906196485916e+00
-7.460278069941492785e-01
7.599153931756830183e-01
1.081588492131296819e-01
1.119747080275319329e+00
7.241857642288890284e-02
9.341233085269784464e-02
-1.621121207207024018e+00
2.264610663873302787e+00
1.317056305741726163e+00
-9.968042479478648188e-01
2.412890326108832806e+00
-5.055399822693014134e-01
-1.991582184045248560e+00
-1.238211471777068695e+00
-6.838928404348325607e-01
-1.777641473973424091e+00
-4.608563726904692515e-01
2.357914337036731700e-02
-2.312416002469783294e+00
1.958962333975177383e+00
-1.438679301648438935e-01
-8.421745303203193034e-01
-1.275552518987302375e-01
-8.130523163071665671e-01
1.975109925640656794e+00
6.601269600071681953e-01
-1.688367160650709575e+00
1.481542003267582341e+00
1.651779098637718324e+00
2.273270307080626829e+00
5.806458334953978895e-02
4.458631452204184220e-02
-7.395741906280305367e-01
1.964061944460495646e-01
-2.221309000113601329e+00
-2.679424514567719240e-01
-1.698917750532677184e-01
-1.095050226425562379e+00
-3.730069461540430620e-01
2.609162259861885214e-01
-2.239864155437375270e+00
-3.026459125127808347e-01
-4.786744293139145179e-01
-3.134750970568714878e-01
-5.959976171636551801e-01
3.900837076256075120e-02
-3.647689932913003585e-02
5.434371884886071147e-01
5.483854012366669028e-01
-2.621525435179514751e-01
-2.292179102643022048e+00
-3.857372365972377426e-01
2.004483676238529299e-01
8.364315988708371785e-01
-2.584581367279734643e-01
-2.779657005510692613e+00
6.200524312888051615e-01
-2.823575435014749058e+00
1.884486417618232323e+00
3.025393178166849717e-01
1.937340023431727287e-02
6.048637782526787854e-01
-6.087792062460158915e-01
1.301774633211557397e+00
-1.246631616108515583e+00
-5.555456436597233649e-01
-9.373636595614276423e-01
2.349265836422860243e-01
-2.780834215185573055e-01
2.231656954738820142e-01
-3.608164100175893507e-01
-2.727875848424208716e+00
1.474664054546792169e+00
-2.316738272138219590e-01
-6.227863707810157301e-01
-1.993605847569279166e-01
1.181635917934284574e+00
-6.730248437758637459e-02
-1.526488721842445662e+00
9.339743978327033069e-01
-3.042087401306646233e-01
-5.014326933417928567e-01
-1.318001878641217317e+00
-3.158534497059473090e-02
8.789731826080376953e-02
-7.740600306292328980e-01
9.739934006930329735e-01
-6.953482859504471758e-01
-2.116695006310758131e-01
6.499708079901844737e-01
-4.005184720275755117e-01
3.855315020428571327e-01
5.164302330438431676e-01
-1.733061562697870706e-01
-1.664003009369345421e+00
6.370249837708907847e-01
3.591671862322448616e-01
-4.680912319064478577e-01
-1.358162524056993892e+00
1.638456510704115354e+00
2.351227076366945390e+00
5.526707861257165177e-01
-5.242454965601859307e-01
-1.091986623027142222e+00
8.525558789875424814e-01
-9.241404811746262160e-01
4.346770086029295710e-01
-4.600738020073671386e-01
1.392932525377106767e+00
-8.186458261961238048e-02
-1.068342297291533516e+00
-7.160458254459644012e-01
-1.717594598350512314e+00
3.478577472439365326e-01
-1.425055233143907918e+00
2.090923277788350632e+00
2.084411085503099947e+00
-4.942822965143144343e-01
-2.933819885110775072e+00
3.561470303345734001e-01
5.722425171997935767e-01
-2.509125108622657585e+00
-1.177156560634383009e+00
1.303680780028088959e+00
7.771478971497052246e-01
-2.513179574266519278e+00
7.615874232311826697e-01
-1.478200664230560957e+00
5.118242758958413408e-02
7.615462081196497923e-01
6.442041748009759150e-01
8.886668633469541057e-01
-3.555887912480284463e-01
2.199656360835176461e+00
3.190804858692945500e-01
-2.875353940106682771e+00
1.014781560258269932e+00
-9.179377061869643528e-01
-1.854634771049655351e+00
-1.004520558090344351e-01
1.738119507599705571e+00
4.482820848043878037e-01
-3.796340666973259559e+00
8.257332871500662197e-01
1.019227049093551551e+00
-2.109559608263897879e-01
1.292460772382509337e-01
1.586746924769306899e+00
-5.779596679170224682e-01
6.711127285406648380e-01
1.264803212437640489e+00
7.176624020098587575e-02
-2.846286538123052323e-01
-1.061296998833818783e+00
6.236712879462281700e-01
2.323989336238689418e+00
1.192019130245386416e+00
-2.267468347833066389e+00
1.647221245317801674e+00
3.635180046199320558e-01
1.046851046816319464e-01
-2.281285671492716993e+00
6.158334157541678344e-01
-2.119305283780377636e+00
1.379487193694259206e+00
-7.393437524499671953e-01
5.911302455129465727e-01
5.793429208261160479e-01
6.340941311701270289e-01
6.210957070531467616e-01
-1.276799518783001464e+00
-4.331411695791753114e-01
-2.047359321037142410e-01
-1.612265580911769747e-01
4.227693012575554077e-01
-1.069270792402719161e+00
1.268617018019204234e+00
-4.038685132549818535e-01
1.485819431955973657e+00
1.290848506459051359e-01
2.313561902189110953e+00
1.198922340878399995e-02
-1.855426643157496613e+00
3.491844374437652609e-01
-3.734675347192014105e-01
-1.227793335161918131e+00
3.988083679823269945e-01
2.148547838775975993e+00
-1.285027236687434460e+00
-1.853645825604911535e+00
-1.891070313923065294e-01
-1.052269707340279803e+00
6.225510577964659120e-01
5.228521004679604900e-01
1.362007329381998311e+00
-7.766834284921069198e-01
-1.731962245394107036e+00
1.094295243672377849e+00
-1.088356432937331641e+00
1.528351283184146370e+00
-2.192932085279079235e+00
-8.813001770934010271e-01
1.028776209710818401e+00
7.801922066511757237e-03
-2.799762860309040202e-01
-2.458967648160300112e-01
9.822985423446539688e-01
9.871260456589057153e-01
2.489991958237535385e+00
-5.579503354419572680e-01
-9.036746880704462637e-01
-1.407055229505744243e-01
-6.842486087068592182e-01
9.868045767351214526e-01
1.269663570921093942e+00
-1.854743817985049503e+00
5.525977674411758356e-01
3.442715407332862521e-01
-6.044611545009159759e-01
9.035316635091240611e-01
1.827273916093883344e+00
-1.211840902795028763e+00
4.297704155296214745e-01
8.931241263418208121e-01
8.698627886233929463e-01
2.861766068301030419e-01
5.576841088239411492e-01
1.663392629683972945e+00
-1.612721518865597892e+00
2.750642152167595000e-01
-1.321120357854839611e+00
1.333344113989152646e+00
2.448890305552225755e+00
5.163812678791528388e-01
-9.606078293544851876e-01
3.972271453196092317e+00
-7.656129804265926486e-01
5.369057212646406452e-01
1.312545612243583015e+00
-8.364069387325085980e-01
-7.088846552518084376e-01
-3.392382994040164523e-01
-1.685885393153943257e+00
6.911849426703232657e-01
-1.856008789101171175e+00
-2.932533876802994044e-01
-1.658314090202471336e+00
-1.345990340516417305e+00
1.373566536086516798e-01
3.455140422896400554e-01
1.338469914301476882e+00
-4.926835605668459794e-01
-2.208820919150784601e+00
-9.693473916878088126e-01
9.407143300887326198e-01
7.802566089848956832e-01
-2.029442129982782728e+00
-1.832718477465439033e+00
-2.366434865846300806e-02
1.210816024358759346e+00
2.494555977172813466e-01
-6.681916260637503768e-01
2.044079633264053619e+00
-5.432780414753477505e-01
3.296988361187392913e-01
-1.162779723278311694e+00
1.551054911972128858e+00
2.520644410520292311e+00
-1.263437021143704708e+00
1.630590008764073673e+00
-7.471598817899198774e-01
4.347278697986706186e-03
-1.604114110767262513e+00
-4.374103441606327913e-01
-7.209896557074773060e-01
-4.280642331019262059e-01
-7.980817029647061522e-01
-3.141798857983996163e-02
1.850658229718194825e+00
1.523965550880225672e+00
2.029717640490721564e+00
-1.590491345679751145e+00
-2.710904879323612904e-01
-1.624584519714085129e-01
-5.900016927854035975e-01
-2.366834089438853983e+00
1.270126138643632441e+00
5.038215965181029876e-01
-4.977015812274738216e-01
-2.008540415409453050e+00
-7.746267511629356672e-01
-1.999581093239712892e+00
-1.671598251733607654e+00
5.141586703716261031e-01
-9.964295250861823217e-01
1.424400487134219961e+00
-1.067523837029204836e+00
-1.875837629226988268e+00
1.090700808480839834e+00
1.369953035148321341e+00
-1.074263865302004239e+00
1.235097349771652198e-02
-1.448153106843056648e+00
-5.052575709360690448e-02
-1.449468677292769403e+00
1.202645364809478146e+00
2.419433607643720618e-01
1.663578304722560297e+00
1.910540947960374991e+00
-6.776637878266248416e-01
3.047197811480414131e+00
-3.868596860537201199e-01
-1.342142633121555351e+00
6.071187285244057374e-01
1.404269832861752443e+00
-2.325326346873485828e-01
-8.272097782026075485e-01
-4.358007055961340415e-01
4.802184845534874236e-01
-2.744458022205300551e+00
1.249895347724626182e+00
-1.762160399505504182e+00
7.939028470925343361e-01
8.679952121135410259e-01
5.782697801753112765e-01
1.413744121266150289e-01
5.486973154556413768e-01
-8.011439622025718910e-01
-2.066748492096814882e+00
-3.772741393056895376e-01
-8.797184330239384842e-01
-2.043207313612710241e+00
6.241410117853030126e-02
-1.503140227096204651e-01
5.544723626473408995e-01
-2.668713335289686350e-01
9.547763436772475076e-01
1.176204604360610695e+00
9.962137825427984650e-01
-2.475562213128877920e-01
2.345812782440259259e+00
6.005928526233247355e-01
-6.104730272008234149e-01
-6.489638967106092782e-01
2.186637891441105097e+00
-1.311127034680129588e+00
-7.553098501650822305e-01
-1.096567712025031005e+00
7.422894347451148844e-01
-8.818676800741722666e-01
1.573053888953541923e+00
2.388180191498824323e-01
1.522105099970994524e-01
1.963733069407985088e+00
1.219682351907289242e+00
1.419139071762165472e+00
1.376045508241556803e+00
2.173803852856505348e+00
9.620603156321309024e-01
-1.996334620155613138e-01
3.280383114427802838e-01
1.497248316591164530e+00
3.333638761934933359e-01
2.078630812134795836e+00
-3.420972767131480019e+00
1.175981745970069992e-02
-6.349572164070724778e-01
9.528705660857720305e-01
-4.531696180438810062e-02
-2.733787953435034446e+00
-6.492438962875319852e-01
-5.071618253272198729e-01
-7.011221716999358478e-01
-9.007071921919868052e-01
-1.249989136384464627e+00
1.659433491445091446e+00
-1.341126684226213728e+00
-1.060990726865254974e+00
3.431893372800207120e-01
-5.888121768126495237e-01
-6.537179985200676224e-01
-5.984631106694249247e-01
7.689605036391058412e-01
-1.827926474454280470e+00
-4.808595635431903936e+00
-3.647128894789284370e-01
-2.534595757270838856e-01
8.680166834615477001e-03
1.125638465560937274e+00
-2.159792478847508967e-01
-2.113191102480888262e+00
-3.226441401788830543e+00
6.182211840787862345e-01
1.255409580965383354e+00
8.881839590665077111e-01
-1.781144231445565218e+00
-5.469813296301473393e+00
4.673067435798424207e-01
-5.091484395441332467e-01
-1.144672174705574141e+00
1.237251610788335121e+00
-1.587687458192012846e+00
-7.061647870090873580e-01
1.394540991877065261e+00
-2.574118266792246423e+00
-1.455005038995641264e+00
1.118185878947988821e+00
9.577098189634019043e-01
-1.707493544986823153e+00
2.159684980917525032e-01
4.514313924181564408e-01
-1.646147274874146249e-02
-3.430068021121636113e-01
-3.815654682309795875e-01
-1.620564406065643226e+00
2.057819629605805556e+00
1.056695005027126433e+00
-3.322136596773192618e+00
-1.066621168980820267e-01
4.683466488765568592e-01
-2.771933281629148649e-01
1.581402588049840130e+00
-6.139748765053221202e-01
-4.669039564122040575e-01
1.964839143219933693e+00
-2.266985611032564796e-01
1.117002585141180226e+00
-1.162303467863452067e+00
-8.708919352094794952e-01
3.673378711549490916e-04
-1.598561080583597249e+00
-7.122404242101016969e-01
2.966121760429240251e+00
4.932454693335527884e-02
-1.578981426213471817e+00
-1.254209629195049747e+00
-3.136135478634861418e+00
-6.296531939296610147e-01
3.273264644188254913e+00
-4.385701363499288519e+00
3.930979638522288377e-01
-1.080634431342631041e+00
-6.424582508487510779e-01
-8.242250366597343447e-01
-5.340437341005666028e-01
2.788958959522314096e-02
-3.841775863639945721e-01
1.117134560180850222e-01
-1.333127035939879024e+00
-8.658576792244430109e-01
1.479157132334706137e+00
-3.692870024845897881e-01
-2.627590458761162928e+00
-1.717043057632343439e+00
3.478903079228807815e-01
5.130454713488848961e-01
1.490833120405437029e+00
-1.752273968404572724e+00
-1.321848473704837712e+00
-2.023607618754657889e+00
-8.350041279223445745e-01
-1.904772051141359057e-01
-5.536047335915112999e-01
-8.824347571213255748e-01
-7.339766398849606466e-01
-9.189363728463412206e-01
-1.824186332684234690e+00
5.591348211388384726e-02
2.791495004464479845e-01
-5.627565334972989275e-02
3.824677043057777004e-01
-1.790439421336130321e+00
-8.064060636389435155e-01
-3.011313895516766426e+00
1.175660592510209546e-02
-3.872153681123832181e-01
-7.726850059265243376e-01
-2.222872822386595448e+00
1.635931450109035845e+00
2.292612113535583696e+00
1.227413917152012202e+00
-2.927411960265664526e+00
-2.080369812902686522e-01
-3.438243063748037676e-01
1.512618255702343539e+00
4.228598327701031945e-01
-4.906708933102094106e-01
-1.792747260150429511e+00
2.318951875398269358e-01
7.007075265068710701e-01
-9.246427831405434894e-01
1.802830792707926788e+00
-9.690192120553374755e-01
-8.160667745441305687e-01
1.076862112248607506e+00
1.227330137829108603e+00
1.955726288443101479e+00
-2.076442739441333174e+00
-1.153770574791645465e-01
6.060152938712933812e-01
-2.115024268952002906e+00
5.735706244405462950e-01
1.406863807189017157e+00
-6.143096507018979135e-01
1.333100811148673071e-01
-4.447794228973317443e-02
1.373655144118278493e+00
-2.529572061912813030e+00
5.801013165765106505e-01
-4.404648358405467423e-01
-2.780226172154184328e-01
3.126476376333934826e-01
1.669829387288350953e+00
6.949149284864359899e-01
1.030762701530118841e+00
2.012281294039516832e-01
-8.684122113850617497e-01
1.569255267044911806e+00
1.514569904462943484e+00
1.490823274516899666e+00
2.855966901856161755e-01
3.913061669603321580e-01
-1.036188345650333575e+00
1.015814787265801655e+00
-1.563650580137918356e+00
-8.557318110515615972e-02
-1.541518554146227071e+00
1.715380608596217993e+00
-8.173011325585618492e-01
-8.148904046003855317e-01
2.601564354735920404e+00
-9.338878576200766446e-01
1.019258346313184793e+00
-3.671084394189213507e-01
1.234269557678954410e+00
1.263562194900050617e+00
2.668817025768732698e-01
-2.164333246921196774e-01
-1.010904730105229188e+00
-8.815964553761499456e-01
1.072033966161279217e+00
6.996406717183970558e-01
6.688289653990915351e-01
-6.247235063023051094e-01
-1.182988954894189648e-01
-1.023965460125091376e+00
-3.690728855684344278e-02
-3.504175673800040691e+00
1.216165162842820918e-01
1.722745475043673036e+00
1.814054916251681249e+00
-2.053266632752809517e+00
3.561318289014561711e-01
-9.367607102248626250e-02
-2.327444472521992491e+00
1.389522352742413203e+00
9.718682349258367381e-01
-1.030794912450634648e-01
8.994404565024654019e-01
9.233130000942828541e-01
-1.661820593391548861e+00
9.250091481442217489e-01
2.132814417890337211e+00
7.202637236927474929e-01
-5.419420891869730639e-01
-3.505520104615639232e-01
-1.487546521041842873e-01
1.478711922537093049e+00
2.768960171373342494e+00
-1.266700115420108075e+00
-6.643826804896850735e-01
6.576859111867897623e-01
5.690060359284242475e-01
-6.278999027008410616e-01
4.569779282391214781e-01
-4.673028102573624221e-01
-2.864600368039618150e-01
-2.873257265189527843e+00
1.689321481734476604e+00
1.329449323039248732e-01
-5.209746646209216792e-01
-1.156379106366324017e+00
4.643996375882065708e-01
-1.888890973022062658e+00
1.162745541797567950e-01
1.256818352522636406e+00
-8.638613486724693313e-01
-1.203816899537731633e+00
3.504115720024107983e+00
-7.488235456075416074e-01
4.933960718562692693e-01
-1.149240240853988793e+00
-1.768381607176964243e+00
-6.326232607940022179e-01
-2.724000934147683406e+00
-1.226218378900982175e+00
-4.554445041842661857e-01
-3.157162904142288284e-01
-7.405927225016200044e-01
-1.291178410076945893e+00
-1.673245144619422697e-01
8.264010310208539378e-01
-4.538825786851782840e-01
1.440295127176156320e-01
-1.179925161838351055e+00
-1.002138753763577306e+00
-9.970604177778155108e-01
4.816198365092518308e-01
1.347717667542290387e+00
5.085100611420929617e-01
-1.095456691714637998e+00
1.335506950232593137e+00
-1.101535123625088541e+00
-1.203183698237815680e+00
-1.966234266529413022e+00
2.697416133278874639e+00
-1.909896357261147148e+00
-2.236831244962529663e-01
-3.452586473886841478e+00
-9.948659885254540480e-02
-3.329847126284746217e-01
-4.401312433654177014e-01
-9.278784248859174300e-01
1.002632699196477351e-01
5.277056307678746894e-01
-1.807503959482420708e+00
-7.069341266548079261e-01
6.891776529552888775e-01
2.272107436775147038e-01
1.343829200118429323e+00
1.240110177978563044e+00
-1.455624923302344165e+00
1.073832540191556273e+00
4.703443672808232390e-01
2.602992404007075100e-01
-4.911586909702798653e-01
8.230319624619655272e-01
7.844379896204213276e-01
7.102230984275227366e-01
-2.170242145291806923e-01
-3.878564218549183096e-01
2.352345283433110446e+00
7.251265093468459710e-01
-1.394357552109229070e+00
2.491547165458408486e+00
-1.571578656244103367e-01
-3.431986606801866735e+00
2.601117764286390965e+00
2.173265788812364097e+00
-1.609277143015839240e+00
2.264174113601075788e+00
2.578604247124956839e+00
3.917933741493170308e-01
-1.348060600034837186e+00
-1.322946909494002732e-01
-8.502330474147602457e-01
1.438965032780062492e+00
-9.842279733062564429e-02
9.815271926990940532e-01
-7.452313687229057404e-01
3.740678807978965459e-01
-1.080324150825965779e+00
-2.080246418607683001e+00
-6.566415093647458567e-01
3.513712318503777743e-01
-7.852908224129628856e-02
-1.196903198728342499e+00
-2.442922642340968897e-01
1.220994865574912325e+00
1.256592561842438116e-01
1.130001062115723709e+00
-3.179896691104534545e-01
-3.161453668384450744e-01
-1.082212179373367889e+00
-2.651930810771531699e-01
-6.253567972961844301e-01
1.185774507615277251e+00
-1.248252178322974970e-01
1.467721209349846789e-01
-5.777259808270795993e-01
-8.511030948121387496e-01
1.605462624653394288e+00
-2.459279664162688839e+00
1.383507560866439778e+00
-1.086038165292480262e-01
-1.303306817116681282e+00
-6.757566909678013323e-01
1.816768582564789458e+00
-1.046266619695705558e+00
1.640318148740025350e+00
3.034861361225255627e-01
6.568955600699130093e-01
7.728253901907005119e-01
-1.465318561566134825e+00
-9.368767023022466223e-01
1.319857630001756710e-01
7.254523540440011020e-02
-3.633658214356536131e+00
8.057945646311219789e-01
9.326051266369872472e-02
9.634917867234537026e-01
1.633570574530673225e+00
-1.115086992890793383e+00
-1.335788715478346100e+00
9.281937355666820544e-01
-9.338622817926233166e-01
2.491234441139898448e-01
-1.238102905232803197e+00
-1.346346190494379647e+00
-5.963362733518873249e-01
-6.757922203339755685e-01
1.899105563460210311e+00
1.752322690647187153e+00
-2.431629123478380894e+00
-1.901309981488163769e+00
-1.053174423516148872e-01
3.728539006467775918e-01
-4.799641981084856734e-01
6.183385576562492325e-01
-8.920711598285013810e-01
-4.277137376801113389e-01
4.830532436909405480e-01
7.142144187433112634e-01
7.516843659684656620e-01
-1.145249051743943980e-01
-5.087681463591747777e-01
5.268067464900583197e-02
-1.573566525912614811e+00
2.909548303340695474e-01
8.985618586876240599e-01
-9.983237991529478883e-01
6.369208145573893587e-01
1.403596800443662307e+00
-7.155969393303804882e-01
-1.775081490648221516e-01
-1.052376520702241303e+00
2.058287303394916445e-01
-5.476318633197221342e-01
2.656810169616861672e-01
-1.484171698080063218e+00
1.018410920123227759e-02
4.568974915763983624e-01
1.564418028601849642e+00
-3.207706201892128739e-01
1.052316144635554451e+00
7.521412294797527043e-01
-7.895334003272219681e-03
3.144049836702541567e-01
1.129738527932921288e+00
7.884887413367542841e-01
-2.229711679769910582e+00
-1.562910010060613586e-01
1.190124011855300701e+00
1.409443623293743508e+00
1.733422201961797304e-01
-8.808300569595772789e-01
-8.362290991961682796e-01
1.375358563685182611e+00
-1.104785845738517347e+00
-3.157312712215477823e+00
1.318018604662304361e-01
9.450388311543356235e-01
5.101350966989517399e-01
-6.041178954805430656e-01
7.710255455991472662e-01
4.263800368349373593e-01
1.799222584387497048e-02
4.137122692751022957e-01
1.935004684657023688e+00
1.965426222988009952e+00
2.295953202714620944e-01
7.583688607436793738e-01
-2.919168481235997703e+00
3.373929638426235389e+00
4.897243400815000092e-01
4.532361515119134356e-03
2.352029498762273074e-01
-5.170408290432828124e+00
-1.352329044677972103e+00
1.022502053308372183e+00
-2.538181357413997752e-01
-9.717758948865801161e-02
1.048631844357109655e-01
-8.365223933667396139e-01
8.194064701666332884e-02
-6.761113701548271404e-02
-1.077434786587293525e+00
2.136786670219401607e-01
-1.160076821373526856e+00
-3.657850624503628523e-01
-2.473073343914495847e-01
1.231928819841148659e+00
6.246769752087047989e-01
2.637595243150365754e+00
-2.139165460092959936e-01
1.602090911041515131e+00
-2.014212222834363686e-01
1.196390621810766164e-01
7.698713184467976811e-01
2.507385279523981048e+00
-1.825726595643992534e+00
-6.004867242898928037e-01
1.029393766767640495e+00
8.085818725998349388e-01
-1.860267786166791781e+00
9.468283461128960132e-01
-1.282002566929569820e+00
-2.275015759387827297e-01
-1.016810365262897697e+00
-1.565932745983258934e-02
8.012784793176332965e-01
-5.637639560619358559e-01
4.335016368241950135e-01
3.009958091311147887e-01
-1.392343420259808173e+00
1.433123230160182171e+00
3.655596161995340321e-01
-1.897945555308238719e+00
9.394182344687164177e-01
-1.020237333838702742e+00
-1.389833918682061631e+00
-4.669778959447235533e-01
2.159585780763802365e+00
-1.108472683349591259e+00
1.139665249466367714e+00
-6.174293619361564955e-01
1.742386532376957842e+00
6.508529423664730640e-01
9.087653109710063237e-01
-3.604039805834358123e-01
2.048578393662628283e+00
-8.995690113058294468e-01
7.324573029102594557e-01
1.349529039523181373e+00
-4.841745974083091486e-01
-2.792256084307498387e-02
2.875213818146703293e+00
-1.776089405111217268e+00
-4.473477969716129210e-01
2.102507887196585212e+00
7.599100529241362700e-01
8.313600788100057315e-01
1.013968942762053238e-01
1.699752533742867167e+00
3.680576375037307724e-01
-4.251874801093808998e-01
8.248840354482390724e-01
-1.107402396083949636e+00
-1.503491176919812933e+00
1.064971607397890985e+00
-3.655432355972395020e-01
-1.426264915903295627e+00
7.711799219786510395e-01
-3.082369176373264685e-01
-3.883185674198029735e-01
-4.110512886841794611e+00
-4.237025643831296984e-01
-8.960634286200457044e-02
-3.020604231276495355e+00
1.976968760647518919e-01
3.172603948851337452e-01
-2.236102954612090299e-02
2.704725056816054352e+00
-4.708548429375005173e-01
-6.271433536774331241e-01
4.239052967256415894e-01
-1.416011888311258460e+00
-3.537655560616053130e-01
5.004868612152142404e-01
5.492567362183221613e-01
-1.622991550554077289e+00
8.652611515226757977e-01
-4.718942637503381055e-01
-1.443317167419761127e+00
-1.452965517955624009e+00
-5.384797664200271505e-01
8.031259550404650227e-01
-5.879039176398499489e-01
-3.896978390645955415e-03
1.845073521170818159e-02
2.439853693016699410e+00
-1.473592836506066650e+00
-1.637935112092486212e-01
5.502345670413912870e-01
2.032684279730013754e-01
1.044140440887249888e+00
-4.382665156864568035e-02
2.178119245427297734e+00
8.238627789222551234e-01
-1.355272578783319748e+00
-6.935027327757323778e-01
1.206398159816377769e+00
-2.192544118585342261e+00
1.968561406413407155e+00
-8.379094793056609536e-01
-1.747220843251758304e-01
-4.936164132983044683e-01
4.910368598199542634e-01
2.230859078642876692e-01
-1.875363336988165597e-01
1.993224996505004176e-01
4.335720816201436567e-01
5.897958406219787619e-01
9.555655298725926894e-01
7.575838835019532702e-01
4.497818694933137240e-01
-1.011720326952775251e+00
-1.326113905153860628e+00
-9.465961735944972144e-02
-8.702179859632542813e-01
-4.062262048962388405e+00
1.736446978273126218e-01
4.964211223342766544e-01
-1.016124422017059770e+00
-5.056367647636244023e-01
2.470984557775161683e+00
-2.080918479434591184e+00
2.176178058937930926e-01
1.017495734556628006e+00
-6.665944560589566192e-01
-2.024911493629953929e-01
-4.954942110010456813e-01
8.031444415990162122e-01
-1.665054443923291716e-02
-1.576320594914871087e+00
7.762338654890460488e-01
-2.185008321569567702e+00
-2.135012943912939498e-01
4.811801153024644062e-01
9.988121684059081407e-01
-1.727577839712662877e-02
1.050747911580043770e+00
4.055599216405952889e-01
-3.157732014295806078e+00
1.339017884823303361e-01
1.773473882833710880e+00
-6.072489198938869626e-01
-5.074043184673974194e-01
2.123386833249083505e+00
-8.511744982216555844e-01
-2.695813610184923381e-01
-1.718444267230325173e-01
-4.603640406094537674e-02
-2.134205657817953572e+00
-1.434260593222662195e+00
2.479992881745621158e+00
-3.810531221079876962e-01
-4.832797580338885068e-01
-2.010117148182060109e+00
-4.284071006259013159e-01
1.172738292265625537e+00
6.602391902521057565e-01
7.874204139122082946e-01
-9.949034349955019341e-01
-1.187935137039360711e+00
5.235239327098153428e-01
-7.292847781076386426e-02
-1.495199291158326949e+00
2.392727848368525478e+00
-3.510305216719965760e+00
6.615695742418499226e-01
4.714792648471768377e-01
1.190034507198667324e+00
-3.953489255841819983e-01
-1.303042819850969369e+00
9.040214929908373387e-01
1.037167271044488359e+00
-8.273847948683971110e-01
-9.943485044259021688e-01
-6.545487539076316752e-01
1.643174082634055067e+00
1.341517271778504883e+00
9.184603217745080928e-01
7.314885100101924387e-01
-2.928779095438749924e-01
6.385545754692696363e-01
3.543323358667498368e-01
1.867316869599762619e+00
2.778391860433937488e-03
2.615229473121479131e+00
-8.833209252506022402e-01
-3.346791121393064561e+00
-3.679652186047521756e-01
6.840985628599950408e-01
-4.154648582650705690e-01
-1.245377531387969139e+00
3.733433974443349790e-01
9.051669459185059941e-01
-1.516408570937878508e+00
-1.156879335390514685e+00
6.430959566057978805e-01
1.563417062923405654e+00
-7.319525154889292562e-01
-1.674392246900628489e+00
-7.354579716292941605e-02
-1.075357188706789202e-01
-5.194037128117194868e-01
1.987086128692156617e+00
-2.690956320832185167e-01
-4.951539313810419118e-01
-9.639814378900496417e-01
-2.353183624719637379e+00
6.034714000232178632e-01
4.721583289465464128e-01
1.538331462893510748e-01
-7.932377264052218324e-01
1.889505721129318971e-01
6.430465044369048089e-01
-8.864561334626146483e-01
-1.987676083217082279e-01
-3.591452156092987402e-01
1.231586240456886694e+00
1.568368909487514840e+00
-9.208764097044868091e-01
1.020033734573747353e+00
-4.303933120922471822e-01
1.369453604729527374e+00
-2.417975903712891395e+00
-2.783730621630765789e+00
3.239110251451374212e-01
1.825304518366074102e+00
-3.217909837431021103e-01
-2.744870459725567979e-01
-2.144804672873937168e+00
-2.903226554643801860e-01
-1.117400715500836972e+00
1.379920389320709262e+00
5.034093297029180736e-01
4.183106763445039733e-01
2.682108113470016875e+00
8.022355269510705877e-01
-1.010145810970762836e-01
-1.171048226550410520e+00
-1.096177775353718298e+00
1.713747935290320212e+00
8.361526978941974386e-01
-2.997085455780199581e-01
-1.665038553645739050e+00
5.206545260996856550e-01
-2.678740535675635304e+00
1.148454377881069410e+00
-4.320699142981643814e-01
-7.989776542944315718e-01
-7.693690978230172117e-02
9.017591305324751394e-02
-2.107854692515682693e+00
1.284412044411271436e+00
-5.257554028381906663e-01
-1.726814286354794170e-01
-2.472005938951080228e+00
-1.197958094856174771e+00
1.723997640520701591e+00
1.370044874679370750e+00
-1.250215940349150623e+00
2.958167392215649727e+00
-1.478418958297617047e+00
1.873337375841041874e+00
-2.724435093036655098e-01
1.441126140700920599e+00
1.558235668751551728e+00
1.554060585194091848e+00
-3.429436386955578286e-01
8.546261816086717644e-01
6.703860557573102508e-01
1.496708113233392812e+00
2.809849885728834540e+00
-8.226212741363492231e-01
-1.767287627290476948e-01
-6.428195391173935347e-01
1.708644624714996896e+00
-1.586045002370662482e+00
2.726406157540915309e+00
-1.180826465946601234e+00
-1.369666981219476165e+00
-6.938011884082657676e-01
1.978655473764692196e+00
-1.551584303025427491e+00
-2.100325141604300505e+00
-4.097049352262469579e-01
-1.399466494615024259e-01
2.051588095603489315e-01
1.303167411761795513e+00
7.062670826576359362e-01
8.719823737790288742e-01
-4.007862630242685853e+00
3.813578252146307968e-01
-5.460759686720544348e-01
-1.356020941632084753e+00
-1.989148488837686468e+00
1.512520445119674983e-02
1.808338663097645904e+00
-1.925996623249536688e+00
1.339294930265985784e+00
5.873404582456666079e-01
-2.498418866280631701e-01
6.467145307177950553e-01
6.081533696038048387e-01
1.485419844678452339e+00
-6.511018450423442516e-01
-6.340406569807917059e-01
1.917688102948193585e+00
1.726184549762920240e-01
-9.203376599621873044e-01
-1.498280187965816745e+00
-4.541292903706567463e-01
1.150951464657511858e+00
-1.042717022826199713e+00
-1.355638811863991045e+00
-1.142134411217153644e+00
-1.057691044552298010e+00
-2.544642106954885796e-01
3.296600073688513710e+00
-1.430537529192214663e+00
-1.319169780878067577e+00
6.735041208594388928e-01
4.940472656922120231e-01
-1.425499891649510520e+00
1.201623906244526863e+00
-2.114802563638759292e+00
1.179263025122547104e+00
1.068940487760967173e+00
2.038414200005397969e+00
6.174169502780959551e-01
-1.199420509352454811e+00
1.128934205288035564e+00
6.443228615928913161e-01
-2.588958441905467867e-01
6.448496932077034671e-01
-4.230334858960260180e-01
6.413222431848273342e-01
-8.069357012433442389e-02
-5.560260957038426488e-02
-4.568099862304227932e-01
9.923669295654363731e-01
-8.536899933066566248e-01
-1.164697403792158914e+00
-2.863257242350193965e-01
9.489725369818146072e-01
8.832654724234103583e-01
-1.610349726340977616e+00
-1.714604826227435819e+00
-2.235987844880996112e-02
3.071585021818835637e-01
5.165465013454468846e-01
6.575035184169977232e-01
-1.712977322377646328e+00
9.865011451240839335e-01
1.076035799213891142e+00
1.258085638154919472e+00
-1.523510038977246461e+00
8.601346168392893787e-01
-6.495186411943779659e-01
-9.324833138322241588e-01
8.078114844636816727e-01
-5.092035317330068089e-01
3.636191756426226385e-01
-6.711445745027677656e-01
7.767905893954003826e-02
-1.872927047766697051e+00
3.108466339983585458e-01
-1.764679560983825279e+00
2.402703355220081605e+00
-1.876055880884820004e+00
1.539056780027320048e+00
-7.389102557851209285e-01
-1.123718013755759415e+00
-3.376543192681264460e-01
1.357220514462791794e+00
-1.522705803058032714e+00
9.626760334315083156e-01
1.301900735900825890e+00
-5.429480700278150884e-01
-1.666848588109322904e+00
3.758134376467980875e-01
4.154311322646112581e-01
-5.971371625453075760e-02
1.349520441518926361e+00
1.111394640775046350e+00
8.872523396697018505e-02
1.928626591155550463e+00
8.930844375310564853e-01
-1.758595900604406070e+00
-2.516489354471860285e-01
-4.645354387271941055e-01
2.318294929981725705e-01
5.876953450127171685e-02
9.552759338979601722e-01
-2.260985030117883099e+00
-3.772015131718396419e-01
-1.626448735111886590e+00
8.726233353996208919e-01
-1.128126367647936723e+00
5.803609609744644349e-01
-2.628269025243933354e-01
1.319776157397288818e-01
7.547425261607101366e-01
7.452402579269141736e-01
1.259946229313489985e+00
-1.160019986710301820e+00
1.083809862488046782e+00
1.494256227775521140e-01
-1.060280785588167074e+00
1.655260340786617324e+00
6.765245721229582454e-01
6.940494271196122611e-01
-3.413519113908601299e-01
1.779007346156719294e+00
-1.808690544916986775e+00
2.693255294646066833e+00
-4.122192281661976598e-01
7.030165090849124221e-01
-1.261658608979191909e+00
1.429200411043372920e+00
-1.680005042468842635e+00
-1.418887083211308964e+00
-1.237223453126253148e+00
1.858105377153840276e-02
-1.911806081684856995e+00
2.612401251564672733e-01
4.417509518928982581e-01
1.076279977977656621e+00
-6.640056874452948676e-01
1.077712196890978913e-01
2.044602906645205387e+00
-1.066867986282932224e+00
-2.598595845743759680e-01
-1.538850769662510665e+00
-1.706095028809948566e-01
-1.252474860159134673e+00
-3.986214671660809339e-01
-3.400789201059226663e-01
3.167850995828306315e-01
-7.534126076307248177e-01
2.470135502684005224e-01
-1.006611056726377296e+00
1.207975299592759733e+00
-6.288894754882825566e-01
-1.047101175783567317e+00
-1.678049327563102766e+00
-2.456364509299334919e+00
7.649986058882622952e-01
1.592652763078875378e+00
-1.678187368585978279e+00
4.561810880148620129e-01
-7.319992638806441798e-01
-5.131358645114649786e-01
1.380328308423834915e+00
-9.411152867078473871e-01
-9.937217873790176181e-01
2.950491046772278025e+00
-2.873365603206827323e+00
-9.492708440047192830e-01
1.463362435481376123e+00
1.065077831281813436e+00
1.723103914065351905e+00
-3.149933876186756354e+00
-1.047806021677784916e+00
6.387600110791000763e-01
2.071022821590655094e-01
3.570120612397365556e-01
5.491960522324847993e-01
5.817314266774401554e-01
-9.889431988102511673e-01
1.969222831318154121e+00
-1.120592277203200204e+00
2.399560013209412812e+00
4.221338543340885097e-01
-7.286621003118238793e-01
1.124728794291836032e+00
4.484775262093003700e-01
1.331011286894924428e+00
1.128555309033854176e-01
-2.300030217406598076e+00
2.332575979405457467e+00
2.053391235922954916e+00
-8.122393095359685677e-01
6.760906565707338611e-01
3.083451536309644858e-01
-1.105415359594751790e+00
-1.482582786042041301e+00
-6.309945735285771296e-02
5.752754796057632514e-02
8.461609656232238486e-01
-3.416087307677166951e-01
3.337981277407441327e-01
2.534834655736701858e-01
1.683915845244061682e+00
-1.621957164634589277e-01
4.879880390026161141e-01
-2.132929461426816831e-01
7.727295350138310148e-01
-1.387817441505693639e+00
-2.011871206345589025e-01
-9.208596318565781536e-01
1.631984559018958558e+00
-5.983210154533649128e-01
-5.510324034827644990e-01
-1.866743923975747954e+00
1.700752065651218170e-01
1.409161103059523024e+00
9.310575537823337910e-01
-3.541208295605659528e-01
-4.556911526474098362e-01
6.360744450073745337e-01
7.621894437484754148e-01
-2.730098490461970062e+00
-7.184419471881312580e-01
1.173207045131021697e+00
1.025332628639549770e-01
9.424762386960571225e-01
-4.058400513869406256e-02
4.821577380729826778e-01
-9.970560915978585736e-01
-6.448671656047455514e-02
4.619101375644351082e-01
2.568504098393263879e-01
4.915660635740457529e-01
-1.043687033140284770e+00
1.845518117384210566e-01
-1.736093963757158853e+00
2.032676620683040447e+00
7.254201860932096846e-02
7.041325126930891853e-01
9.533965034562525975e-01
-5.741969730368668978e-01
-1.051133186769700328e-01
-1.337934316380813726e+00
1.654669931034584929e+00
1.196804178273459307e+00
-7.687629928877437457e-01
-2.671377829490388933e+00
1.771127482104161377e+00
3.263466554419080623e+00
-5.174802772970094056e-01
1.840522515384471092e+00
-1.593202157837406041e+00
-1.822688060095840612e-01
8.519257456561291075e-03
5.689658621101911784e-01
7.238664233448184326e-01
5.423323107465413129e-01
-8.097157136789979726e-01
1.343194332560377346e-01
1.087915789529831923e+00
2.812839824844799441e-01
-1.466528774237620292e+00
-1.270614583735955039e-01
4.918366486558924944e-01
1.560998928597784330e-02
-2.151496711534661710e+00
5.240134268715735955e-01
5.054050765555722080e-01
-3.440870901184458486e+00
-1.907360002678003541e+00
4.409597087900992696e-01
-6.121481457129606119e-01
-3.389538866390860439e-01
-1.776430571863167440e+00
1.415803635229212265e+00
-2.023090466066417736e+00
-2.417597456547292967e-01
-8.842729282631808241e-01
-3.282548256771251616e-01
-3.398320066226497849e-01
-1.224153872764280004e+00
3.075613881369764213e-01
5.657129302632366574e-01
7.290604768446347084e-01
1.707499081536454133e+00
1.896658689166460299e+00
2.669886669140215107e-01
-2.196935709301355844e-01
-4.442605134160670932e-02
-9.365300990840779161e-01
1.601296487784440670e+00
-1.162134698177345715e+00
-3.891337451846604845e-02
-8.646726515004978797e-01
1.344405612311178055e-02
5.119280331734111789e-01
5.330198410453483859e-01
2.237784436047438597e+00
-1.091889668708574401e+00
1.044156351241074310e+00
-5.017303474736742319e-02
2.296573984849198613e+00
-2.324340619319669177e-01
1.380212790580562565e+00
-7.255544046402251368e-01
1.239673027551286166e+00
1.152080466473808240e+00
-6.500284533802217490e-01
-2.838601370389330913e-01
3.620532060377834593e-01
-1.613843344887284204e+00
5.886125363392004095e-01
-8.400711333796411218e-01
-1.596600047553739410e+00
-9.087340278165880747e-01
6.938971301602303576e-01
-8.706805890859184993e-01
1.029845938910590064e+00
3.872540875322691423e-02
1.291388368806181797e+00
-1.127345450890027578e+00
6.699848426398031798e-01
1.460342073049800404e-01
3.082340153724962395e+00
-1.299226151843940524e+00
1.289753135252103444e+00
-6.353090101933405176e-01
1.492684283805664203e+00
9.588837771643943242e-02
-1.205739070714112682e+00
-2.142202120936999243e+00
1.364930941633031969e+00
1.190619039209798391e+00
-1.428318453350872153e+00
1.792530778260380542e+00
1.513183535951291570e-01
-1.953926169956459735e-01
2.066138206297549185e-01
-1.707739548826017473e-01
8.734220175690160515e-01
-2.180879172498422669e+00
6.231676321840884381e-01
1.053580446454819297e+00
-3.148514247270169375e-01
-1.724569985908102510e+00
4.610800526845070246e-01
-2.566529280905289756e+00
-2.746597887163516605e-01
-3.046008963164226202e-02
-1.315051683371441849e+00
5.923906337551515522e-02
9.760606268175665567e-01
-2.948777278844637362e+00
-5.045419928722488789e-01
-4.735124754988182527e-01
2.346771603702622500e+00
-7.570988642135378921e-01
2.072261356617541017e-01
-2.638288303008055613e-01
-1.440142536272027707e-01
-8.317939141788246449e-01
-3.896312572717902656e-01
7.690076747368874699e-01
-7.937454153532612633e-01
-1.698395806521540985e+00
-2.131012795053234821e-01
-1.613183261282954195e+00
1.715024495534795079e+00
5.747785962443008323e-01
-1.344835089303900499e+00
5.503792795441477814e-01
-1.899606972329348276e+00
1.545864149429384771e+00
-7.367349550626474119e-01
1.801525316846267488e+00
-1.662972963380303204e+00
-1.148025071351115978e+00
5.361289802375651670e-02
1.001005060631715349e+00
5.192835489592761977e-01
-7.663446165006675415e-01
-2.412850821442158455e-01
-9.082953336112515874e-01
-4.188716510226203615e-02
1.529978586797272611e+00
5.817409338868096969e-01
7.286035882678589815e-01
-1.517489997041809868e-01
2.487621809070421353e-01
2.717250810149710372e+00
-3.386191642909516020e+00
-1.981837360611445331e-01
-2.198609819702083690e-01
1.006595576053244567e+00
2.264224868701574245e-01
-2.276815810876760882e+00
1.678854786676986954e+00
-1.913328191086028029e+00
1.247410819299936691e+00
1.662401958097208698e+00
3.380249230950208350e+00
-1.694750592679025392e+00
1.800769396297947411e+00
1.021340714158062379e+00
2.790603798430740246e-01
3.111496257945686184e-01
-1.687723504588692358e-01
-2.556453320772432147e-01
1.441956518345741678e+00
-7.427416534790955982e-01
8.122249483667386416e-01
2.057996820571767582e+00
1.148820102824113398e+00
-1.669936574855541700e-01
-1.162348625635212240e+00
1.930479625830440860e+00
1.338648357721422766e+00
-2.001204762605302889e+00
-1.200434504659552148e+00
2.327520921249962571e-01
-1.571814560519471993e+00
-1.348913736220883397e+00
-1.492812947718276551e+00
1.320662347188756858e+00
1.762438713684704172e+00
1.921632380657415151e+00
-1.166183687726155327e+00
3.702870677279993306e+00
-7.087114486755737852e-01
8.490707205330789709e-01
-7.864697258445130235e-01
1.664947798359464604e-01
1.415561052521064900e+00
-9.910620774500663588e-01
7.055758907403807401e-01
4.349414289372594000e-02
-1.375967068318077580e+00
1.586163310081388778e+00
1.130604713219667490e+00
2.073442276513802085e+00
5.524731698832041626e-01
7.177271993794178684e-01
5.086731872540073418e-02
-1.195282033138606870e-01
-1.360144652311890967e-01
4.557335686857815205e-01
-4.983069381685186761e-01
-2.009396649139191471e+00
5.765031376618491299e-01
1.746923884544523631e+00
7.779932002761807963e-01
-2.390988996496816732e+00
3.035550610265807525e-01
-2.158659520193895731e-01
-9.682141283126830533e-01
-2.645088374753755467e+00
-8.685866798012598089e-01
7.688747238863744560e-01
-2.560391228040640232e+00
4.201200344861482083e-01
1.512332152252422679e+00
4.677985220456735149e-01
-1.893188754002975038e+00
-1.303237226828828588e+00
4.279188641912325952e-01
6.491499377694823769e-01
9.787610823683861039e-01
2.846402088231642646e-01
5.294652775341825157e-02
1.632785005518140542e+00
-4.650450517809099349e-01
-1.026967883011693061e+00
1.174909426694255160e-01
5.181743783467441800e-01
2.081080312681929279e+00
3.834897424620040685e-01
1.493989403509461855e+00
7.548824382397345545e-03
1.338915666721063102e+00
-1.242311558412201089e+00
7.455673557738605739e-01
4.511452010575979221e-01
6.652496979144188749e-02
1.168134068701311090e+00
-8.379992289988312804e-01
6.298796308111487274e-01
3.270259914755025421e-01
2.848015764690844387e-01
-2.137199226415699149e-01
9.331798237985344802e-01
-1.612245576884611564e+00
-2.527820535964758752e-01
1.772000644944653924e+00
9.943871490612050668e-01
1.380804497300287537e+00
6.568151050190758067e-01
1.568281892699971314e+00
1.350935758471810022e+00
-6.223935045262869448e-01
9.736981576564580632e-01
-3.805059723837088681e-01
-1.167680309188803500e+00
-1.278531969011831304e-02
-1.573412876484089118e+00
-1.289646542506359128e-01
-2.890312967630547236e-01
5.362347961113079764e-01
-3.802869861018837727e-01
4.878928963484885362e-01
4.753836619879041048e-01
-6.419139107521183440e-01
6.412997815302216020e-01
-1.675750268377020458e+00
-1.043639026744163090e+00
-3.134983935183924597e+00
1.277003611082127676e+00
-9.424406465516584896e-01
5.512122540130124371e-01
-1.284908864071258039e-01
-9.906478537286939057e-01
2.091734523280970245e-02
2.849456775259008312e-01
4.730180119891068680e-01
8.703367020940769860e-01
1.280885473071292191e+00
-1.525117428533767083e-01
2.879205484112080438e+00
-8.547300424713261124e-02
1.036115368937754022e+00
2.075672906366942350e+00
-3.048888013354162374e-01
-2.429297844689689567e-01
1.190207648779119526e-01
4.085036718613286877e-01
-5.285843861543756406e-01
2.071264837009397120e+00
6.978233148905587102e-01
9.695001395098534758e-01
-9.077482356460531143e-01
-1.204776548142048709e+00
4.024263096900915215e-02
-1.234855876958984133e+00
1.555101285919651577e+00
2.246095757351073807e+00
-3.523334573613978726e-01
-8.206254234502277090e-01
1.495137912219679788e-01
-1.962675434674910901e-01
2.884764098823344725e-01
1.508221992886487950e+00
-1.292023373586232760e+00
-1.944204026708335364e+00
4.270925313006931345e-01
3.510208296118425775e+00
-1.407211929996016853e+00
-1.155432735057848381e+00
1.051092159381738833e+00
2.756825312869375377e-01
1.894486456667516361e+00
-1.562070390930281327e+00
-3.486271443418620386e-02
-9.806089799107928773e-01
-7.413268747022800920e-01
2.270639657916674103e+00
3.527886162686385552e-01
1.730463356148405074e+00
-9.259829186596508777e-01
-1.001199135947798080e+00
6.616585957564985465e-01
1.213011575214724136e+00
1.364729525815056854e-01
1.174122971092653289e+00
-2.090790498325996616e+00
-1.819080911043280180e+00
-3.000647601629570227e-01
-8.144309636887604453e-01
-1.583303705657326921e+00
2.356318708006809981e+00
4.698349235249085210e-01
-1.337094669016186455e+00
-1.521110478020347045e+00
1.793243024172179290e+00
6.566891631801412554e-01
5.607920688175796475e-02
-1.326161548994966854e-01
-2.131380109706914716e+00
1.613944975270620752e+00
6.738937272452975025e-01
5.887093915731870242e-01
-3.725301377663696734e-01
-6.342588198266825295e-01
1.795297978808256145e+00
-1.454334844808287563e+00
-2.529508615156261797e-01
-8.099833508702425355e-01
4.640212681438387055e-01
-6.321530639227067594e-01
2.459236598045403621e+00
6.446258344834915333e-02
4.749031978050407554e-01
6.475184612835604980e-01
2.462409705024161344e+00
-1.248760604516348849e+00
6.617467631640168158e-01
3.096508081671463242e-02
-9.671360132178690172e-01
-5.773453708711547838e-01
9.839730081329808309e-01
-8.932349974565112483e-01
-5.737079007219243465e-01
-2.807060020246753940e+00
1.614760787246392271e+00
3.373519705335691343e-01
8.342167917351757112e-01
1.787903854342195453e-01
3.332928956530012421e-02
-1.012629873850328988e+00
2.037949446020288491e+00
4.698327935539051148e-02
-2.259341146435043690e+00
9.506267759870654643e-01
-2.204715189255511909e+00
-5.819579310006267603e-01
5.894423823732006795e-01
2.303320731223381657e+00
-2.561301997141214759e+00
-6.792627430185356197e-01
-2.267517998796647061e-01
-6.928864756798604196e-02
-1.475267643866384093e+00
-1.344239778081990355e+00
-6.351965261245431371e-01
-9.481691420809124082e-03
-1.309307039251775384e+00
3.476845134970149576e-01
-1.068314358983130319e+00
-1.500337440760852958e+00
-1.325174328554330483e-01
-4.716961381567656986e-01
-8.601365624874945937e-01
6.261214185937158394e-01
1.058144939448155242e+00
-1.853730829914388423e+00
-1.686948502431542485e+00
8.818964608756598711e-01
1.404379127976258523e-01
1.379471251840655999e-01
2.359890528422697642e+00
6.673090407989492601e-01
-8.199814471419426543e-01
1.241780933353960892e-01
3.461698143642094605e-01
-5.672343851785821567e-01
3.239912362199013351e-01
1.284030328988052361e+00
9.771318581075775223e-01
-3.927578833309848250e-01
-4.371544678091792702e-01
1.790798906898440457e+00
-2.723940616712707374e+00
-1.146698143514468526e+00
-5.165034248093858249e-01
-1.115193641755319653e+00
1.942892514621228583e+00
-3.869413177360543910e-01
2.201752752712987649e-01
2.412456166266785829e+00
-4.718966600321760629e-01
-1.355365021962667837e-01
1.066582356482653537e+00
1.039272782336220002e+00
-1.302887964637901297e-01
-6.389721925266483860e-01
-2.520788129228565544e-01
1.437395145492346593e+00
1.425305032813100503e+00
2.990207958089671769e-01
-6.781253925811669969e-01
4.160692457988991455e-01
1.076847752594297214e+00
3.443554035738828345e-01
-5.945019514340810218e-01
4.549526635195278446e-01
-5.741047371047808268e-01
2.202028880948086464e-01
2.596289800322820196e-01
-5.496119141569039135e-01
1.365093213666836114e+00
9.724052715248832079e-01
-6.458886202038111035e-01
-1.054355832366755452e+00
-7.945992080828856441e-01
-4.575067588092099902e-01
8.641804874818816984e-01
1.029001997344434205e+00
6.585980544111486035e-02
2.083403479709060591e+00
-6.563501838645598996e-01
2.384007764151389597e-01
-1.400293331345965786e+00
-4.955728449378404843e-01
1.629162733611981828e-01
1.377732046205940308e-01
-1.117674308701697150e+00
-9.502146672462951082e-01
-8.499089045190567626e-01
1.323122237937200962e+00
9.186354059432438879e-01
1.669978833247473204e+00
-6.115632481370825158e-01
-9.288616791528541139e-01
-1.461264561459358235e+00
3.795511863481876524e+00
-1.266186657737792043e+00
2.213502326553070387e-01
-7.093333589611399148e-01
-1.250756974224023210e+00
-2.517786885971962985e+00
1.350349077432458245e+00
-3.378855201903844252e-01
1.125619204465405643e-01
1.672908617506250417e+00
-4.630390129925546772e-01
-2.483682595225170875e+00
-4.160043567512827778e-02
-5.611121947144463995e-01
-2.068315741218650583e+00
6.000984375891111888e-01
-5.982966064560857333e-01
-5.269244410474870355e-01
-4.710165579804422853e-01
-2.162025568517507601e+00
-1.125337464060160331e+00
-3.057434128767015924e-01
-7.933973696949374599e-01
3.697411591292291688e-01
2.709808039000715763e+00
-2.751112348130856144e+00
1.383200067434891434e+00
-1.920651511761061858e+00
8.472315281826081623e-02
-1.612066200069144806e+00
-1.669255569093223979e-01
-2.033889901109264819e-01
7.684819242008719131e-01
1.951685355124575416e+00
-8.723859600082701782e-01
-1.841425340986742043e-01
-1.742481376403166582e-01
-1.465923483871149013e+00
-1.488459485415413397e+00
3.308494077776227726e+00
-1.275857912058122157e+00
1.206358756179386038e+00
-4.823060410765455663e-01
-4.674999122981643440e-01
1.647644912254218538e-02
-1.351783905815911124e+00
-8.000953337866576476e-01
-9.779760427582798177e-02
5.900686926792000353e-01
-8.833674686776169516e-01
1.881668828213540756e-01
2.640058913469833790e-01
2.314625929494447121e+00
-2.055304713144697537e+00
6.021906255545257658e-02
3.249155920493119187e-01
4.108632545822610282e-01
-7.119867594191096050e-01
-1.276657738858114399e+00
1.826871140348191869e-01
1.643953964885469077e+00
-1.145553350675104776e+00
-1.132280008421402195e+00
1.934859370401018852e+00
-1.027157540881685760e+00
-8.856216004434691591e-01
-3.294145449398833692e-01
1.294722988963875054e-01
1.832523224584619914e+00
-2.957161729391422633e-01
-4.858465994406047095e-01
4.008578081235238955e-01
-1.286645086179857844e-01
-9.318361212200978461e-01
-3.977567741886032238e-01
1.655161673302787406e+00
-2.033921375546561716e+00
1.940839027353249202e+00
1.261340754732533931e-01
1.106615566239856463e+00
4.590035491701420223e-01
1.331959479906667188e+00
1.152500061345858473e+00
3.895636757009816042e-01
-4.478282583024923991e-01
4.186234013502776463e+00
-9.142324865090604158e-01
-8.906895713439036966e-01
-4.043092782145937258e-01
6.139506786098641866e-01
4.920997999130755085e-01
8.748578038743639596e-01
-2.191582461548565730e-01
1.362434884598088924e+00
-1.740755005840632030e+00
-6.349142071003940346e-01
1.574973427992242714e+00
-1.195628509137072637e+00
-5.591773187167057291e-01
-2.516222540171424993e-01
-1.090093429103757561e-01
-4.401603529204430876e-01
2.239424167089376083e-01
-2.581078113378047156e+00
-1.571947764401328218e+00
-2.653665542871436855e+00
2.836026684482805926e+00
-6.382503309045299833e-01
-1.247677063126577446e+00
2.757576438696099252e+00
-1.485775021242931704e+00
5.193815410718067849e-01
-1.924071891210763496e+00
7.828469099553554411e-01
-2.161438312064962730e-01
1.163406454478073115e+00
-1.675076226081775976e+00
-1.622059718723209309e+00
-1.161606322643756961e+00
1.088946306230750727e+00
-1.091574235316059793e+00
1.084283229085088784e+00
-1.689260659323924330e+00
-3.490400801725545232e+00
1.599502056405194494e+00
1.622857521731349673e+00
5.039220875658830812e-01
-5.404494581623980887e-01
-9.601843493767954207e-01
-2.363188761562088125e+00
2.840895053514616020e+00
2.183515200467021911e-02
1.242162672673705170e+00
-2.163281154174643839e-01
1.936717558385766091e+00
-1.313027636313542690e+00
1.551896632901540729e-01
-6.654575984498678487e-01
-4.837191932448523524e-01
4.367792034299626258e-01
3.072109983497954833e+00
1.988708019136679495e+00
-1.699628111352108339e+00
-6.270337943512079848e-01
1.157415907288998902e-01
1.472852216022529359e-01
-6.605653832517556223e-01
3.867222032113192820e-01
8.883730212148885919e-01
-1.199715635113291601e+00
1.082985069233934894e+00
-9.015619764519307022e-01
2.063795278322276605e+00
-3.732969574569142135e-02
-3.255742528352623122e-01
2.287091305969835009e-02
-1.084707970440819569e+00
-3.206826365432824399e-02
3.634715064321050737e-02
-8.392340825519331027e-01
6.072129850275791441e-01
1.335125326831761772e+00
9.040646774832475918e-01
1.956041014401740108e-01
1.057821309546083111e+00
-1.423490899257997544e+00
-8.126612594324820193e-01
-1.098753593191027722e+00
6.581306450913160244e-01
-1.975023816491924045e+00
-1.976971639062279573e+00
-8.086894553096861671e-01
-6.125877617274289033e-01
-6.677322067246542481e-02
6.914013862595720372e-01
-5.970239253272229263e-01
1.692818709153160128e+00
-1.371143593347913803e-01
7.287221347401875993e-02
3.686523603362430013e+00
-1.990695079436010984e+00
2.813109614336603559e-02
1.021330692999698364e+00
5.497371869605993666e-01
-1.357070231756565271e+00
2.158766251490338739e+00
-4.674007281135766911e-01
-1.434797039006504793e+00
1.172724810199856860e+00
5.784685996972822597e-01
-7.767125257601208421e-01
1.211466817195100187e+00
1.012031514120207865e+00
1.479972904793979804e+00
2.313502117880758213e+00
1.134009382784208375e+00
3.030154704051796211e-01
-6.164814822445632281e-01
9.476894530051160892e-01
-1.504698613965351206e-01
1.346668951686419979e-01
1.128235473625159635e+00
4.939461287597221584e-01
-1.211756337771476399e+00
4.085081869661786325e-01
-9.057459899045858798e-01
1.920334199844648371e+00
2.598527183041199340e-02
1.635557804348917621e+00
-1.030147980999760238e+00
1.260968036089572752e+00
4.558742577859797862e-02
-7.718692124768420371e-01
1.089825896527514937e+00
5.819587255658628111e-01
-1.142872419842191761e-01
1.308771867469158856e+00
1.435244324157873841e+00
1.791348589697741023e+00
3.411947597252952269e-01
8.958486742245567180e-01
1.039698703491043208e+00
2.411582833345857768e-01
-7.266490274938652849e-02
1.281577301216301201e+00
5.969992420976564240e-01
1.114603218831784259e+00
-8.453945974595089563e-02
1.620148585035045885e+00
6.547623071855017685e-01
-4.222974901215991728e-01
1.575280849636901681e-01
2.532811056601261157e+00
-5.521190709045949996e-01
1.114784023202153751e+00
-5.972849621799747322e-01
-2.306311143473435687e-02
-4.920780277067605679e-01
1.291022433997731422e+00
1.230883396375302308e+00
-1.046707110082950365e+00
1.296372989898257666e+00
-1.627281277233628698e-01
-3.637268629771875927e-01
-5.140186199403137812e-02
-2.645706810867126113e-01
-2.452426639595585378e+00
6.656634511721896130e-01
1.108881226663148478e+00
-4.056225506164363726e-01
1.037982357574585901e+00
-2.396242242243462606e-01
-9.430253342409228301e-01
1.097424737238518189e+00
8.699319615063303424e-01
9.723892724343647931e-01
9.526699670312153145e-01
-3.203028020799317255e-02
-1.906591752752187841e+00
2.265608064972365110e+00
8.355688126836449126e-01
-1.566671449813881623e+00
2.613934697448283995e+00
-3.617773000473838430e-01
-1.210695725684339807e+00
-6.181604937543043743e-01
-1.132747906263022353e+00
-1.329851437184225382e+00
1.103915854639447303e-01
-4.775923132079949451e-01
-1.782252562454979206e+00
2.094548278113219641e+00
-5.487986359542046388e-01
-4.020816286282732355e-01
-9.770237419607802343e-02
-8.721332006952995375e-01
1.285290567760739133e+00
3.601983595336566424e-02
-9.046352218521416244e-01
1.358885138287305949e+00
2.122206057680436242e+00
2.343799681015256819e+00
-4.045294811043848027e-01
4.155300765743617508e-01
-7.258111821685081511e-01
4.166975322749739696e-01
-2.326439416926846082e+00
2.464328150739536483e-02
-3.560364539630708758e-01
-8.988756934220225592e-01
-2.977653822073552670e-01
9.047826881012780431e-01
-2.063077133862373902e+00
-4.880461980056832738e-01
-8.269456159953438856e-01
-3.285279634255872105e-01
-4.968334796958931432e-01
4.717853545159174655e-01
-1.760384712345919311e-01
7.492566418181589860e-01
9.361117974659262098e-01
-3.572471688290724257e-01
-2.254110557755368838e+00
-7.315316016992271519e-01
5.277591205173022271e-01
3.967382617089755259e-01
-3.328323390923598191e-01
-3.841061529029428545e+00
9.638463013165450288e-01
-3.140771805881410916e+00
1.081360635516029234e+00
-2.157235899784052946e-01
4.709996724246922062e-01
4.152437698952344824e-01
7.835174314821928554e-02
1.255102061896927301e+00
-1.636559138107618327e+00
1.276540264993479834e-01
-5.300008059757966850e-01
4.043967730679461359e-01
-1.353788219210969590e-01
-3.484793870510450309e-01
-1.768786773686330527e-01
-2.611361681124413803e+00
1.534141696297362412e+00
-4.049258234111189347e-01
-6.262090068403475263e-01
-2.599247792839329274e-01
1.330273385249278517e+00
-5.529668912873733633e-02
-2.179991971152654529e+00
7.970398438048025280e-01
-3.556115585202150320e-01
1.694684236886760120e-01
-8.553535401363854263e-01
9.508680883622208646e-03
1.724671980153509865e-01
-5.412091838452606218e-01
1.330141280433223105e+00
-4.673772618513727384e-01
-7.523226076891232905e-01
-3.804124189350600593e-01
-5.979217174806079615e-01
3.945725008349318941e-01
5.631639704055891871e-01
-1.116786295361201997e+00
-1.923788293868446075e+00
-1.439668185537566203e-01
-2.401089498569110026e-01
-7.805894952435509238e-01
-1.402475286730381576e+00
1.019734673851328211e+00
2.054163503660005663e+00
-5.884415344585176566e-01
-6.533142605881288034e-01
-1.376116891965944111e+00
1.003092539287508966e+00
-1.174632873210560202e+00
4.536163676210127615e-01
-2.089606631807791715e+00
1.455171341328750589e+00
1.434742084785295191e+00
-2.817019327107894711e-02
2.097985092320527878e-01
-1.019669173682355101e+00
3.794504776911334920e-01
-4.890412174561585279e-01
1.767535371117198162e+00
1.666301995362222677e+00
-1.270143359349823475e+00
-2.646301261128814808e+00
7.468609077601801038e-01
1.249829309679564515e+00
-2.427692208402476126e+00
-9.357392942825918380e-01
1.222964839898703859e+00
1.829531887349685526e+00
-2.638918575316546722e+00
1.174554197751214835e+00
-6.251541148768597900e-01
-4.528436890629236045e-01
3.289884046341655099e-01
5.563527169727661148e-02
3.573312420334951445e-01
-6.222936135010757042e-01
1.968822311590411545e+00
7.286639396882632624e-01
-2.979795967292758530e+00
9.661272346414748746e-01
-9.369202004396471883e-01
-1.770243450636191485e+00
-1.754891243722344618e-01
2.010526085548734354e+00
6.000292378700441409e-01
-3.162370776574569664e+00
1.840756512343745044e+00
9.006500543994838681e-01
-8.778652784076566018e-01
-8.407173077873772993e-01
2.298677159464018072e+00
-6.428172743886823026e-01
8.130819387837218137e-01
9.558661070810433591e-01
8.937757255999387862e-01
-6.401459724084039848e-01
-4.101824293032273472e-01
9.349633392462172177e-01
1.506774653367601857e+00
9.253816106294808774e-01
-2.589776198162894616e+00
1.863946513665132088e+00
1.213194965378358248e+00
2.336742580215097342e-01
-1.501475668334582680e+00
5.246215497825681418e-01
-2.065921610811529252e+00
9.086590297470031885e-01
-1.409811100896613212e+00
3.626648446354198696e-01
-4.041726728786736444e-01
1.493107642542874647e+00
3.267554099114298727e-01
-5.350915436031737915e-01
-4.534264755761492904e-01
-2.838070229323618188e-01
-6.043491620603921310e-01
-6.442872287667479325e-01
-2.276562677475660657e+00
2.888507669567386138e-01
5.003936202078714812e-01
1.627452122133979495e+00
1.073158940229211045e-01
2.693703111268682893e+00
9.617157391448178938e-01
-1.149739343712921080e+00
3.439476640179778277e-02
-3.177747409797515021e-01
-1.389744104724141671e+00
2.424784388919487554e-01
2.452310998924581931e+00
-8.653204343182459013e-01
-1.814797095012870898e+00
7.644642395383172140e-01
-6.547807112514353323e-01
5.831340250210386156e-01
7.969029283455273394e-01
1.059278450491666801e+00
-2.997327924428487833e-01
-2.139922363228168312e+00
1.883532475386175076e+00
-5.714116287103234715e-01
1.011901148946601436e+00
-2.127546784342799313e+00
-4.711299410271010402e-01
1.202267406996915478e+00
3.281066112937544577e-01
-1.426838068670312210e-01
-5.332891072802039556e-01
1.340355056846802118e+00
6.763816486827192165e-01
1.517415847594747902e+00
-4.985120669363541923e-01
-9.649499666570406919e-01
-8.235414127191419409e-01
-4.856219919137187979e-01
5.776681014130360392e-01
1.159533114292465639e+00
-2.289106087810307333e+00
2.197704893398697845e-01
3.309425463083285335e-01
-7.696145256205590979e-01
2.709772783363985083e-01
1.779432392047272549e+00
-4.100123410890824660e-01
3.536081276813556329e-01
1.298120756774084894e+00
5.277131325274609930e-01
7.412404260487415186e-02
5.101660472438867000e-01
1.288747540670297953e+00
-1.822934319108879153e+00
2.628354437804191202e-01
-2.167740972160392854e+00
1.522059944797138353e+00
1.709542684465653162e+00
7.543179593331608146e-01
-3.688603204835844696e-01
4.102207031493323441e+00
-3.005075080845571733e-01
7.877530884974620617e-02
9.261597222036468402e-01
2.355965121311198729e-04
-7.655249113670365979e-01
-8.439986137221480167e-01
-1.033086814544193155e+00
5.148240507361462326e-01
-1.721034191751112497e+00
4.352738847264138178e-01
-2.387694565976806960e+00
-1.001810094285187525e+00
-1.498285239599412400e+00
4.053260684148209392e-01
7.037859100807387636e-01
-1.113980390505683732e-01
-1.708052990088114065e+00
-1.316581357137611263e+00
1.055801420702023208e+00
6.955951420782080508e-01
-1.852292526641888148e+00
-1.536797414183799670e+00
3.916417788646393006e-01
5.270563247928333750e-01
1.588548167518416543e-01
-3.653896924506303545e-01
1.126890037943553136e+00
-1.785385452141800000e-01
-1.994288453703442487e-01
-5.218922887997388127e-01
-8.394785721962139124e-01
1.569176713224132769e+00
1.315139831632805789e+00
-1.341887033744916469e+00
-7.287727550895344297e-01
-3.872437846624298685e-01
-1.610569233073956941e+00
-3.879382421833170169e-01
-1.710151945424515540e+00
-9.166134933733783852e-01
-4.006053368347277654e-01
-3.959875084483890362e-01
2.286595684531611106e+00
1.391080128107905711e+00
1.453015156725884882e+00
-1.513136740573381989e+00
2.861702513812740545e-01
8.206239400549735219e-01
-1.889386056482741938e-01
-3.015859376965972949e+00
9.017868115086599135e-01
7.033997754488280352e-01
-1.415587254704226972e+00
-1.968702467441076243e+00
-8.089364523529171125e-01
-2.195098991602072669e+00
-1.083938224987445853e+00
-9.135608243767652237e-01
-1.419922199033072374e+00
1.803821219294218459e+00
-7.205712180582212190e-01
-2.032523309294501868e+00
1.381172128413237665e+00
1.476594308205220196e+00
-1.855091705632044619e+00
6.981633133046016848e-01
-2.589228715460277552e+00
5.511483502486523856e-01
-9.508799352155956619e-01
9.890101160707598371e-01
7.552373536862483361e-02
1.719559234896813615e+00
2.452875115927640515e+00
-6.915515342804661181e-01
2.208995348369756417e+00
-6.108076513702035415e-01
-1.262740984280462220e+00
8.805335024563674118e-01
1.241019098276298305e+00
2.389600203506827558e-01
-1.236928362511459767e+00
3.346621626901739172e-02
7.592085742745391386e-01
-1.770900693645523605e+00
1.488195285197743356e+00
-1.551683870262895670e+00
8.870215586115798301e-01
9.228444775814117484e-01
-3.391065396222319173e-01
-4.161768443488451097e-01
1.438783070889773086e-01
-3.983693342882116406e-01
-1.471311628941016081e-01
5.023665774187967559e-01
5.394762625954239166e-01
-2.010940783256722209e-01
4.072135690178641521e-01
2.486776799070754829e-01
-7.733869318169237506e-01
-4.161508076822956204e-01
-4.929276221200893926e-01
-5.490544702571508173e-01
-1.006412758592590606e+00
