-6.446870919802999422e-02
-8.286427329196394131e-02
5.302098672093379789e-02
-1.201732905847842717e-02
7.645382673712176891e-02
5.155634130059380538e-02
2.598757946915867395e-02
-2.218349228506040147e-02
3.829062598842924992e-02
-5.141923259089099807e-02
4.688551708269314729e-03
-4.841147887435740677e-02
2.746920990025513570e-02
4.176180601666739517e-02
6.301749064630698949e-02
-7.589820385410446513e-02
-5.633736858982156537e-02
-1.280955016110934819e-01
-3.432532305306026932e-02
4.912382455917611163e-02
-3.867635571904556174e-02
8.691727405121636718e-02
1.311430831299815331e-02
1.365400731268998358e-01
-5.003653850692792865e-02
-2.250172950026590665e-02
-1.342654854132339579e-02
-1.171630003877903101e-03
4.983111623776381033e-02
4.376872738150755504e-02
-4.172417868408741237e-02
-9.356872683816561120e-02
9.610330976810894932e-02
4.071524260314347832e-02
-8.204123415519874729e-02
-3.643095648217633403e-02
-2.859338376311417601e-02
-2.872250866152487592e-01
-5.740248128965912855e+00
3.453636423614025563e+00
1.004663890607826682e+00
7.364536874290619206e-01
3.037331252598146625e-02
9.264591990479575934e-03
5.765755310830773805e-02
-2.135933170865047040e-02
5.179252400966084108e-02
3.992991383175067618e-03
-3.485736954143295319e-02
1.133121323057276197e-01
-8.265213476093069903e-03
2.469292059527607858e-02
-2.229493422841387351e-02
-2.063086725935942348e-02
-3.618965425612245823e-02
1.129194552095539456e-01
5.526537819412753738e-02
1.370380031153361697e-02
2.875910131853594287e-02
-1.304356380464066290e-03
-4.205477165907148263e-02
-2.808472934716616833e-03
-4.682505370237650434e-03
-3.765589263880234766e-02
3.778112634547541038e-02
6.440158771516239777e-02
-2.444921503632057486e-02
2.893600305777982440e-02
-6.850985654210686726e-02
-3.020812849543368095e-02
-3.811466980038098751e-02
8.431576855736017118e-02
-3.379012325588711535e-02
-6.040318189473350280e-02
-1.091940848070336173e-01
-4.069867396304411439e-02
7.194692525604165501e-02
-8.574052926442170264e-02
-3.555669191642037846e-02
-1.277113615430880422e-02
1.512952415784030169e-02
3.262581197882286760e-02
1.678870946544921278e-02
8.842981715694980815e-02
5.030596186120631780e-02
6.444436825587052109e-02
1.002751260743541539e-01
2.191785077995521067e-02
2.936550118178910679e-03
3.282620698484275956e-02
-2.190677033902862711e-02
-1.269263728273401989e-02
-2.522896544808904060e-02
3.462683351750771299e-02
2.570846382624571852e-02
1.982518866376352731e-02
-2.243991478488800359e-02
1.982845293345683255e-02
4.913807278247689066e-04
1.076016553999584527e-02
8.712228956883610875e-02
-3.842343518647039352e-02
1.849044924409114221e-02
-5.342658473527522878e-02
4.659232039147048754e-02
-1.907366731128372350e-02
-5.530693905913185160e-02
-1.877205486134300369e-02
1.393349186629089763e-02
1.618547297378335539e-02
-7.219236466442318333e-03
4.352618673909534192e-02
-1.779494323632087663e-02
-5.748246981299435371e-02
1.398587166949948231e-02
-7.014358614639835954e-02
-5.320047728369741574e-02
7.224289463787708643e-02
1.234306040522079213e-02
-2.936559834220481974e-02
1.677023861371448182e-02
9.173623663111159232e-02
-3.907989163030928248e-02
-6.292011668937225188e-02
3.654062809549248753e-02
-6.155285020455197181e-02
7.827774175373400714e-03
5.820534976954985090e-02
-7.250237807911119603e-02
2.498614882502289344e-02
-2.369357406582116386e-03
-1.440116625498848515e-02
1.781999069283383280e-02
3.574256617294319094e-02
-1.642780677486802704e-02
-5.320111046688105055e-02
3.306764389353280403e-02
-2.670089587063283199e-02
8.427553546396850115e-02
-1.455349952786530107e-02
2.507596150176327754e-02
-9.344192134638985847e-02
-4.016477664793514230e-02
-4.346580564089448651e-02
5.027543505284642888e-02
-6.562447904173775159e-02
-3.195681830269669899e-02
-1.643201087776968022e-02
1.259699707983669321e-02
-5.126074785592914934e-02
-1.731333945244814890e-02
2.314547171684719004e-02
3.701776147322035498e-02
6.506766585757782495e-02
1.007160660228833549e-01
-2.135148451571877368e-02
-4.031272946647243560e-02
-5.536013603079953382e-02
6.576600115935565816e-02
7.493919519150377129e-02
1.271952245473975326e-02
8.866050604749270425e-02
1.833877738219202858e-02
-1.489141253074020106e-03
3.845507385475822881e-02
8.648209534186605818e-02
-4.517724181612173089e-03
4.730369536071490216e-02
-5.208203414605987874e-02
3.739212739961518539e-02
-5.820714436001672536e-03
3.896782561555867108e-02
-7.158765715889590930e-02
-1.203158921630223879e-02
2.088855136752447786e-02
6.933115625394177528e-02
3.869733561974823127e-02
-6.495788573907991179e-03
-7.128111530987872937e-03
3.029227161981109390e-02
-1.029475215736102992e-03
-3.970187425686767108e-02
-1.596163222392645367e-02
-3.518912628970796014e-02
1.632983675018495617e-02
-1.349329008467394300e-02
-6.735467103597395089e-02
2.593842812412228138e-02
5.314630128656692293e-02
-7.733927236781085179e-02
4.901550819779415535e-02
8.787098854663846770e-02
7.335443396483339040e-02
1.352532850495094807e-01
6.328428159939533497e-03
-1.013317987918634921e-01
4.609464697454244975e-02
-5.362463447552106438e-02
-1.260185758107248803e-02
-3.195322300518025488e-02
-6.473274064398214234e-02
-5.808290828790736715e-02
-2.503300724055191814e-02
-1.132092980467984261e-01
-1.669632473244720208e-03
2.098599457787173397e-02
-4.402563252574991266e-03
-4.218148650361372431e-02
8.336887636688811165e-02
1.821798096891559179e-02
-8.236613177561633026e-02
4.098732858492554892e-02
7.349755378838659925e-02
5.694957749579217937e-02
-2.359365893492391952e-02
5.832891418424473659e-03
-4.603884840621360469e-02
-1.467289347091307698e-02
-3.999756827374708473e-02
-6.517218489069297183e-02
-4.304462351694206268e-02
-4.777097514522511690e-02
-4.934866250515336505e-02
5.083736368775319120e-02
2.393690774858587070e-02
1.531850745440502780e-02
-2.046395624567872579e-02
-2.298002003771347154e-02
4.843396795745423533e-02
7.985971034817609948e-02
2.333993648709583105e-02
-4.089535549058170849e-02
4.629651809733078584e-03
-2.628395623408765966e-02
9.573818144116488793e-02
-1.471045238616268576e-02
2.317792560666728785e-02
3.218760222909195640e-02
-3.407478825359016444e-02
-6.245555073992063028e-02
-2.088358849342455102e-03
3.359224430141416039e-03
1.689768016867221237e-04
-3.640672923757976714e-02
-4.647006842462658716e-02
7.026319031953484617e-03
5.374365290712691812e-02
-2.949892571087229035e-02
1.775241218357049774e-02
-0.000000000000000000e+00
2.290746845888059699e-02
-4.670876346116060313e-02
-5.802749661232359246e-02
3.454003336128372986e-02
-2.766855692037201511e-02
2.392472723194465078e-02
-2.176136685192722395e-02
1.900253482005856420e-03
-3.720830657267707765e-03
1.692587651825496614e-02
2.437340142590617431e-02
1.120542845469213872e-01
-5.299324906062561485e-02
7.403478136960314759e-02
-8.655156224186241753e-02
2.442235126638191318e-03
8.612211958573101622e-02
3.616560111030445862e-02
7.043201720985385605e-02
-3.753538116875861780e-02
4.677832113635065764e-02
-6.909071413893154434e-02
3.202215274662140176e-02
-6.345377645480863860e-02
-6.411485512279818666e-02
2.284890398625791588e-02
-4.141947166398529667e-02
-2.927074860296820930e-02
-1.302647486518113866e-03
-1.448795931502338402e-02
4.607038873119460864e-02
5.609008681212658554e-02
1.897210288528006911e-02
1.696475114841405202e-02
-5.034879215030900121e-03
7.038172010364504051e-03
-1.429473358449994194e-02
-8.532377434518364709e-03
-2.138833265271265424e-02
2.543863046570728117e-03
-6.576253282055191662e-02
-6.481248227026321918e-02
4.840907644574881513e-02
-3.041729943192812008e-02
-1.107578485525347739e-02
-4.506967884709437572e-02
-4.318289692662104218e-02
-3.203577312939034916e-02
1.354658634431609165e-01
1.597247922545055321e-01
1.063527466825668275e-02
-4.654457714982843802e-02
-8.795640248002901604e-03
3.595462494638849288e-02
-2.701442571683235205e-02
-2.988407338671206920e-02
-6.561079995806333442e-02
4.517246386443971029e-02
-9.742970117566701616e-02
3.718296576186082975e-02
-4.605852398753276615e-03
7.344477142105712043e-03
-4.309891912003662590e-02
-2.535904029250708389e-02
1.216020516114449087e-03
-5.727069382468605308e-02
-1.482269700075508016e-03
4.428760114598858516e-02
-3.655142584178597970e-02
-5.351353204884237019e-02
-6.233916367368044775e-02
4.193923768632656923e-02
1.018124090983886093e-01
-1.177599882896974374e-03
2.159268206884226715e-02
1.448452045627902397e-02
-5.551671407729530036e-03
-2.120412999904656981e-02
5.328952547714729815e-02
5.948675933242802971e-02
-1.074891438752225425e-01
-5.413202379460364116e-02
-3.925062394443025460e-02
-4.166896506119949564e-03
1.753572479433730180e+00
1.379635715031928174e-02
-1.030954549074464439e-03
-6.429405092704544578e-02
-1.429672456767524524e-01
5.371812830470142769e-02
1.974408653306599162e-02
-2.373316160766940439e-03
5.547340865146839495e-02
-6.110036062060550499e+00
-1.896987790901861093e+00
-4.098790163135016679e-02
9.659875548440509663e-01
1.061941399207849468e+00
1.213723833699043714e-02
1.673353271384665428e-02
-4.550234074775897503e-02
-2.846941258436731792e-02
7.858662168076218507e-03
-4.473312097361557133e-02
1.073541720525540699e-01
2.828939443529810208e-02
2.568070280193045576e-02
-7.401641614895282731e-03
-5.585164556153807830e-02
4.793496332009336211e-03
-7.911561333397569562e-02
-1.740441111982066191e-02
-1.610920735208712720e-02
-5.351498907753712148e-03
5.761297907954281844e-02
-5.558128223721694322e-02
4.384890954510275302e-02
-1.343085322680979098e-03
2.199081121638375713e-02
1.108189180295443164e-03
-4.252891073611785033e-03
5.213015152493690081e-03
-5.342255653919739111e-02
-3.356188407154868381e-02
-1.546495944616609747e-02
-4.602593182842205227e-02
3.081061380459877014e-02
7.656546598045427254e-02
6.351050856107919029e-02
3.223720501009050277e-02
6.517250622963871066e-03
3.228582184904207203e-02
-3.723827440464883703e-02
1.145701158709754031e-02
2.355413507079995306e-02
-9.926900345905088213e-03
-2.320854286414194070e-02
-1.863216658075915835e-06
-3.868635324751027588e-02
1.606458511846670795e-02
4.872724618387774820e-02
-3.237966341262800418e-02
-6.444039715295542259e-02
1.116328296561792111e-01
1.517967760066328553e-02
1.206514434795442729e-02
5.347387594656080601e-02
7.530136945281460520e-03
-2.711413157922864386e-02
1.774661228730846016e-02
-1.569485163738651131e-03
3.156864741078495989e-02
-1.915297107399002718e-02
3.079783652657213516e-02
-1.926904794481757680e-04
-1.042533145609511776e-02
-7.687890513061738929e-02
-2.060926005788172796e-02
4.598236814844530729e-02
2.155798526860679132e-02
2.861249448021134512e-02
3.114892099426884442e-02
-6.951076103446636456e-02
-1.713407569473632958e-02
-3.933615438801785907e-02
-6.069326148640985519e-02
3.968103833004180819e-02
2.573441425380946015e-02
-2.345773470717281775e-03
-1.472429872382318046e-02
-2.389532846008917896e-02
2.741715278717166485e-02
8.776913132245127425e-02
7.250347350191763129e-02
-1.824709535110169423e-02
-5.289866371718610766e-02
-1.068284547041960103e-01
-3.221883337996930136e-02
5.319177431859878347e-02
-2.300669200108984569e-02
-1.201770398935976362e-02
2.094991205165096584e-02
9.217236410323749463e-02
6.521935383035262768e-02
-1.262294562009190144e-02
5.336517174460649049e-02
-3.492148874984830897e-02
-1.819077364408026518e-02
1.064814912906981298e-01
-6.788713319632628564e-03
-6.955500072554018920e-02
6.018911410343479040e-02
1.835851435381007438e-02
-1.360970973431298997e-02
5.590384312619774837e-02
-5.840877259756260126e-02
2.162083008836415340e-02
3.549260032278016286e-02
-8.756619096393285923e-03
6.966008852588327638e-02
-6.408688855254940711e-03
-4.701242360966308848e-02
4.291543186150675870e-02
4.057090431268877556e-03
5.370669085786276831e-02
-2.566797020100289664e-02
-3.060370088094530733e-02
1.025936830194841207e-02
3.323333131906599375e-02
8.879873368523860666e-03
8.261950163283514337e-02
8.317007601882531187e-01
-1.312309302024965152e-02
7.947399278369715603e-02
1.900477442376104220e-02
-2.191990147280723278e+00
-2.711870590957079497e+00
4.179999035768024562e+00
-3.658123790503002404e+00
-9.537599001987409619e-02
4.299480785172303532e-02
-2.508672943929967508e-02
-1.113218407891404353e-02
7.428793310656327253e-02
-1.619998620071960369e-02
5.947376905063404828e-02
-1.802263710054283902e-02
2.143529095047298424e-02
4.033467636284391450e-02
-9.070379294650194593e-04
-6.782191600189277532e-03
1.110820630742835602e-01
5.186450512751166614e-02
-3.091664161376483574e-02
1.410359315285064120e-02
2.918235888721676038e-02
-3.582348317428734469e-02
-1.420812860948568283e-02
-5.546698006668469849e-02
-7.405122361089706839e-02
-6.446219081904736026e-02
9.487671614717032090e-03
2.869439310253498951e-02
4.277362219068776839e-02
2.042894565689893846e-02
-2.963844505242764493e-02
6.708905042848926914e-02
-2.468100341070119524e-02
6.769611061945894626e-02
-3.365911932245159444e-02
-1.162544962384053360e-01
-2.175712318071385681e-02
3.007539892293855863e-02
1.810327402862781446e-02
1.749451990636784193e-02
2.144391385168496408e-02
-9.246331019602822832e-02
6.791805812748562612e-03
5.623434530957691774e-02
5.980889687788171899e-02
-6.069255642823342956e-02
2.980828779910553103e-02
-1.824809584139843940e-02
2.801543509722812658e-02
7.741163058397025620e-02
-5.921718726345161221e-02
6.297093128676936602e-02
5.739886096045637189e-03
-5.745322172831057381e-03
6.855898128133071368e-02
1.012884719972709582e-02
-7.220870862038876459e-02
-2.205465835636926872e-02
1.477390287899303135e-02
-2.898381875364073549e-03
-4.700535075555547365e-02
9.016016563119902405e-02
-8.811907251540483654e-02
-5.264159910662540715e-02
-7.656515580032004220e-02
1.411904260177848994e-02
-1.957912714503259963e-03
-7.254385758528043848e-02
-5.462093226518222044e-02
2.166140323251749059e-02
-1.547483758316785078e-02
-2.749665679151592004e-02
-5.171060621962540391e-03
-6.947411393908795030e-02
-4.217139671845122895e-02
-1.002868004489746584e-02
4.028588548184924910e-04
-2.107517100762005754e-02
-1.237101372692114565e-01
3.123316562244649736e-02
-1.274184868669157866e-02
1.863689315303294902e-02
-4.694756736976254952e-02
2.383014189398957247e-02
-1.057657624849225875e-01
-1.247926773549553198e-01
5.726344916881723895e-02
-7.207497057932582551e-03
-5.672224411685826417e-02
-8.272591110885225626e-03
-3.581235319760229033e-03
-1.956010383910136013e-02
3.003270829790456037e-02
-6.630566591133463424e-03
3.671978417826947394e-02
2.450430348698707725e-02
-5.985545800312612463e-02
-5.055331432875993444e-03
-2.842880921828568053e-02
-7.908201397722662562e-02
1.313599885763601718e-02
5.021348522331374464e-02
-4.624605745682968533e-02
-3.938579943527523858e-02
-2.463084776887885727e-02
-4.812135520684214518e-02
-6.553182973670931919e-04
-3.518829664522497847e-02
6.162983114494155479e-02
-4.460761923970563148e-02
-2.483286782446375573e-02
-6.856496640354625693e-02
2.565338378961224547e-02
2.904065948628080027e-02
1.932788279708318527e-02
6.926521889846845234e-03
1.598715670000705469e-02
1.915877765434056620e-02
2.313007088497514088e-02
1.654501268353754731e-02
-1.048527405038447990e-01
-6.047727278280076724e-02
-4.030085183319821046e-02
-3.019619581279681456e-02
5.245073737885810883e-02
-4.754267604689698008e-03
2.081394961429592434e-04
-5.372659661736393173e-05
2.897053830387252837e-02
-7.181828543569557244e-02
-2.020544440163158512e-02
-3.688808623586076890e-02
3.269044136888617919e-02
4.355714317646633416e-02
-4.546314899185301128e-02
-2.305024595119989361e-02
2.122895506684809377e-02
-1.492935696372941871e-02
2.399670128000355035e-02
3.651072295433421128e-02
3.605327934460120232e-02
1.995205447960716680e-02
-3.355680464283845865e-02
-1.772147224457391174e-02
1.631673303264439406e-02
1.866632217601230798e-02
-6.285154782571686360e-02
-1.986283437265441709e-02
5.567131441951515824e-02
3.337070555106828179e-02
-9.131213234238218235e-03
-3.857765170969249674e-02
2.855895442328132069e-02
-4.842142706687649172e-04
-9.587315420843957672e-03
2.365657790156600049e-03
-3.607764993462940495e-02
-1.041900287800248855e-02
1.018776868612566167e-01
6.634219660580005853e-03
-8.725348125055114659e-03
-1.409507762717644892e-02
-4.352034546631615430e-02
2.435874342966248829e-02
-2.293527213826821939e-02
5.718449650484890012e-02
1.698258860123530792e-02
-8.078999011446277856e-02
4.873811813883659888e-02
4.030095058984415474e-02
-5.765146434946849877e-03
2.439549859294001463e-02
3.471868080318780969e-02
-4.269438217251077944e-02
-1.076959232167747776e-02
-1.186687027749695755e-02
6.569118847900758118e-02
-5.010196100569697109e-02
2.495462785340780629e-02
5.650515408748103818e-02
4.504983248915461758e-02
2.004299681293596376e-03
-1.317024686794784427e-03
-6.431791022394009461e-02
1.521342392422936861e-02
4.653148539225455960e-02
-4.813023723802145604e-02
-5.938478459833743811e-02
-1.420466522923054427e-02
-2.864992156464160437e-03
-2.189186750168797130e-02
5.433750565204154698e-02
3.965242672576773514e-02
4.460687288253575161e-02
4.961903368961206179e-02
5.238704425980861973e-02
-1.231950108697597857e-02
1.802316666374829870e-03
-7.063463094782296281e-02
6.403480455577846564e-02
-2.995689545454474634e-02
-9.037146808199612857e-02
-2.800245526450565944e-02
5.350639347137430479e-04
1.184909909477798243e-02
1.458889845840436947e-02
-5.917838258433209646e-03
-6.999134874446678867e-03
-2.910652915805758689e-02
-8.244932956086338527e-03
9.096856167665660908e-02
1.117125712413640642e-02
-1.055540074009079787e-01
-6.657314915614313822e-02
-1.965117858274401455e-02
4.573855056644635098e-02
2.108609327665379729e-02
-5.514806012332312823e-02
5.613122228581355483e-02
2.987725339580023579e-02
-6.144987672881697255e-02
-3.867724684656707185e-02
2.507539898279696755e-02
-6.737816315853351924e-03
-9.624137788031428276e-02
-1.264828176697037516e-02
1.503239348072319022e-02
-1.773619172300520616e-02
-8.969505976648577128e-03
-1.708045114925086164e-02
-1.247421027852049259e-02
-4.025212119285396378e-02
3.803318522123805279e-02
2.123848383490199720e-02
5.659454685581829375e-02
-5.049000148765416321e-03
-7.589339185770326013e-02
9.710723224591343017e-02
5.732021303833208931e-02
-6.527254590402668810e-02
-6.653915637178277331e-02
3.563453046287331366e-02
5.817980323184110403e-02
-7.303613308806683468e-02
4.119097472516270592e-02
-1.007802703469623251e-01
7.117630556446770396e-02
1.140273777932892174e-03
4.917635094708938670e-03
4.256714437531855522e-02
-1.543179669161632260e-02
-3.817186979116882206e-02
4.759893694725471358e-02
5.569364405214796698e-02
3.621788218206971072e-03
-2.572376171245783355e-02
7.869774658258810174e-02
-4.266099308961395636e-02
-6.783922630687730382e-02
1.094571277222866623e-02
-1.216266214615291663e-01
-3.803464423463182031e-02
7.442851729865574556e-03
-7.795044935518299911e-02
-2.867059261208801738e-02
7.794865548578795711e-02
-7.904419867062653648e-02
-1.511447888034132478e-02
-4.968917944916806904e-03
2.400255239143830877e-02
8.154653259654608133e-03
1.694530623785658191e-02
2.318236064339155959e-03
-3.916298635803548700e-02
2.004663966153830829e-02
2.600355372751935248e-02
4.075994629185818174e-02
3.234155198304204670e-02
-3.774607960668825701e-02
-1.007284717509676492e-01
1.173857911267159049e-01
-2.558223956823804310e-03
-1.939523839420107497e-03
1.497126011410980853e-02
-5.497323011023128037e-02
7.805827956346021897e-03
-0.000000000000000000e+00
1.730786934486604547e-02
-7.095793152133608207e-03
5.278063680258750917e-02
6.659621230911162704e-02
6.233655275500990522e-02
7.644068432805641022e-02
-1.511955439707567996e-02
-3.094930446451812922e-02
-0.000000000000000000e+00
1.512509721504645688e-02
-8.717778890743707598e-02
-3.464762328983932854e-02
2.178918874245282244e-02
2.977905566050841404e-02
-4.694732791841368241e-02
5.980536644413599057e-02
-1.786438579663534795e-02
8.762000435005801169e-03
-2.087054554699595624e-02
1.169442783829660951e-02
6.837571202870483533e-02
3.072910078224304689e-02
-3.279090776578467287e-02
-9.644355605105704721e-02
1.656567313205772884e-02
-3.298454066645676447e-02
-4.921568778793979256e-03
5.479040926080204488e-02
1.884878883924031787e-02
3.265700427805322270e-02
-2.030104334192405630e-02
2.480751785650422286e-02
-4.629754573256953526e-02
6.295360118109706582e-02
-1.102979728481229098e-02
6.006967564716149399e-02
1.206770106741194143e-01
8.153281094489550629e-02
-2.165812829892995242e-02
-3.447894907063154407e-02
-2.511401562625917988e-02
-5.676923618175949010e-02
-3.175332213470713656e-03
-6.712063715805051184e-04
-1.894818951350475678e-02
1.386636351344672398e-02
-4.570947555124835887e-02
-2.018570067428853906e-02
5.658752781513516628e-02
-5.942736553048735132e-02
-5.691301485600445964e-02
8.894454020304556202e-03
2.400276709491997243e-02
-5.246152246571087786e-03
-8.603416666035121341e-02
1.111420682541055735e-02
1.605689377826790415e-02
-2.340082834520434280e-02
1.543564846629507693e-02
-1.195770300128537467e-02
-1.525177953663529873e-02
5.374958928927434099e-02
2.257431569010769773e-02
3.023999867590070750e-02
-2.407291562585947564e-02
1.589819065208429583e-02
4.191991779830342717e-04
-5.611103618920192798e-02
-9.575306789461512924e-02
8.399203080620962214e-02
-5.332611909473864570e-02
-2.159879500482427689e-02
2.687646260718005303e-02
-2.065451886307035148e-02
-1.505637680847494719e-01
-1.069676372186278840e-01
1.331642945592596827e-01
7.607197845603311248e-02
1.715720852988271775e-02
-7.700207824480406749e-02
-4.210511284562332146e-02
-3.598908443914719535e-02
-6.369195468862863529e-02
-8.790478943273648260e-02
8.773131429919589497e-02
7.007023258355540331e-03
2.216359996133587112e-02
-1.733753946475315860e-02
7.855166043802322418e-02
2.471648578908799965e-02
-3.443329061876738290e-02
6.057040711096579877e-02
-5.323873305637048109e-02
-5.782471217702284116e-02
6.374992204221691106e-02
1.024657898399567758e-02
-1.295285412645439359e-02
2.457240482212795854e-02
-5.368985271190823694e-02
-2.268544766687110442e-02
-1.414918590612468385e-02
-2.252215134529155297e-02
4.934712411302574634e-04
1.700548791308100502e-03
-3.601978778032727257e-02
3.178371819713499136e-02
5.447973885209910633e-02
-7.257802022769026251e-02
-1.659507180943178362e-03
-9.416390339895662487e-02
-7.126061215910486912e-02
-4.449065491757064200e-02
-6.876632293043483113e-02
-9.072839555905412579e-02
1.834332326232282484e-02
-2.510522871939502298e-02
5.616380221018285601e-02
-1.955025388074457110e-02
-1.941596399491881189e-02
1.082523079652207010e-01
3.355876543220659425e-02
-5.992044743922932820e-02
-5.624692245445929439e-02
4.886597037767557994e-02
-2.975682839231967233e-02
-5.533342780038811443e-04
-2.026216758845709315e-02
-7.037314375787497023e-02
8.325153327040175910e-02
4.537181895813127176e-03
-3.429427759747262147e-03
1.493729321077230492e-02
3.406952152551479679e-02
3.258955904826530553e-02
3.115914038489690438e-02
-7.251455569285272969e-03
-5.119357552995378383e-03
5.746468814626812249e-02
2.393470508852160727e-02
-3.552295814307993710e-02
5.728957465256632325e-02
3.267194414362063065e-02
2.358199038493679831e-02
-2.706006910568190330e-02
6.043681965031342390e-02
2.517499836615083586e-02
-5.773371188202490456e-02
2.950698939026873135e-02
-1.031450087852612274e-01
1.591018431219356479e-03
-2.898752157396941934e-03
5.090364971769558572e-02
6.640296779540778849e-02
-2.211534728606861372e-02
3.013111972257298543e-02
5.762995603803479361e-02
3.273470178864133079e-02
3.379658066455117071e-02
5.747779684967433550e-02
-3.515832396898525836e-02
1.089327034528998067e-02
-1.374076666071805813e-02
2.530396316992036473e-02
-2.958489503591097899e-02
-6.640774415077856097e-02
-6.600406049947193932e-02
-3.076001134579576732e-02
2.450676220682940221e-02
8.915113111792793976e-02
2.085137388568567701e-02
2.423611336424927321e-02
-2.098048828434267987e-02
-4.457295403473292283e-02
1.097411015329217282e-02
-1.689351380049494700e-02
-0.000000000000000000e+00
2.270926251784580532e-03
1.777503293927501851e-02
3.438393847622438909e-02
1.765785482002502071e-02
6.941202212602161359e-02
9.782393816305218204e-03
7.543611700502048101e-02
1.306815179955835571e-01
-2.059677941777568119e-02
-8.350019918746240735e-03
-2.182434774657780047e-02
1.333424910318108635e-02
8.383007568109241553e-03
4.495328576778052226e-03
-4.532259404748986698e-02
6.071169359522846087e-02
-1.180967154378509236e-02
-9.929047159223677518e-03
-7.684108720899673894e-02
3.787760453540855998e-02
5.242571954502420195e-02
-3.602519206454649764e-02
7.981948072712263809e-02
3.118560829246639493e-02
3.120717909927362560e-02
-4.533536228635703241e-02
-1.404178561234601386e-01
1.017954625513553708e-02
-2.688938498662088797e-02
1.747434669236212074e-02
-1.108594116251591412e-02
-7.358220974781101709e-03
-9.245406621085419663e-02
1.715736782278998868e-02
1.235895010019832062e-02
-5.866042201224636737e-02
-1.811076887665270113e-02
-7.045587584555060290e-02
-1.668535288072298117e-02
3.321520518742079181e-02
-5.058858009984287113e-02
-1.117769957892025996e-02
4.405935373280456951e-02
2.353368630911899240e-02
-5.428920042263152973e-02
-4.790784022903117612e-02
8.001066263610707996e-02
2.272484827314772901e-02
3.641799906686477668e-04
-1.285727445583778085e-02
7.358663672269691314e-02
1.753385285816557587e-02
3.019266347933961467e-02
5.681232011953044753e-02
-8.891492035529451748e-03
7.313689832313455957e-03
-5.542549336764457379e-02
5.245136110543636987e-02
-6.833853154432942278e-02
-5.223167299858463147e-02
-3.825254108076040632e-02
-1.654315890996931396e-02
1.195397347848044800e-01
2.971499963863310709e-02
-1.600648816825608542e-02
-3.346409672527570628e-02
6.910686203702857966e-02
-1.773259894494137734e-02
8.810319384945566878e-02
-1.448784874753747919e-02
3.935814579846726169e-02
4.550495586862086939e-02
-7.812062932096586199e-02
4.103135759707125102e-02
-6.858753315966799151e-03
2.049025901892127799e-02
6.779527952997897733e-02
6.444313696478657857e-03
1.564554306921724786e-02
-5.891315548481150521e-03
1.151953130423717664e-02
-1.168716888052837369e-02
1.786405467459023164e-02
1.085627702719390783e-02
8.504902478254872111e-02
-4.552366059292976309e-03
1.592006095451192066e-02
-2.633283002132594253e-02
-1.043337990441864371e-02
4.446864062090347125e-02
-3.409589409943789007e-02
-1.595872158623842796e-02
4.910235103770655557e-02
4.160006419211709910e-02
1.247956442412512593e-03
4.088965244035744351e-02
2.686637335494296286e-02
6.123375647174442854e-02
-2.769712194294264573e-02
6.060609709603772231e-03
3.277206466027791920e-02
6.227804324126244573e-02
4.631554008273559148e-02
-4.391352584668066494e-02
3.222347601938611167e-02
-2.227999801286859385e-02
4.994333951864725167e-03
-2.900956276675950921e-02
-4.265690903566245890e-02
-9.701477715105336075e-04
-2.780894306618006406e-02
1.700110995443250214e-02
2.429637118873788013e-02
2.600540880734924717e-02
5.098282371485116093e-02
-4.584388280161688645e-02
2.658766383225884961e-02
-1.861778148840529876e-02
8.536043494843683493e-03
4.422423586614180474e-02
-1.252535156563525749e-03
-4.260638502642929981e-02
1.666508936658601253e-02
4.393061424950673449e-02
-3.380799468249316708e-02
-1.241161839885145807e-02
2.389089423511882304e-02
-4.449695622534461520e-03
4.589415692779000994e-02
1.983243755912605585e-02
1.705070768314730437e-02
1.070250402934408429e-02
2.658792414591534814e-02
4.881780353048249810e-02
5.555590298284755063e-02
-3.637961243671399003e-02
-5.228604109952273565e-02
1.366936665397514711e-02
-5.205443002799388375e-02
-4.452970748984490940e-02
-2.293081855437932234e-02
-8.966453911676650068e-03
-2.870650501386986728e-02
