-8.838834764831844382e-01
6.992698193356053915e-01
-2.584863980599684252e-01
1.334622101451385268e+00
-8.587258429963966488e-01
2.716666059943336764e-01
7.393943152002663277e-01
-1.741417392041840984e+00
-1.415751325139500416e+00
-1.364718603725044277e+00
-6.736981155107051311e-01
8.057700807114953623e-01
8.718528042946722956e-02
1.547924407145055692e-01
1.237190240467893387e+00
6.029770917587128354e-01
-1.783077960602593937e+00
6.831749416760418692e-01
7.960672619194925081e-01
5.434323159446531326e-01
3.476571572110217501e-01
-1.036922129349079569e+00
4.485578407737546569e-01
1.484933273463287240e-01
9.131160895057864879e-01
-3.236607701243977564e-01
-3.633423214033785764e-01
-1.088380479204191786e-01
3.769158880866012029e-01
4.562475501809472034e-01
-5.610989619341094636e-01
-5.196008592262526538e-01
1.358887593212403599e+00
-9.106101717818365637e-01
9.119106902391657665e-02
-6.641037375684445410e-01
7.477271960092187753e-01
8.348797102776586154e-01
1.120236214701042288e+00
8.370024085403174885e-01
-6.079429950679542394e-01
-1.053115720569292035e+00
7.930169393254928867e-01
-8.355104126219295990e-01
2.330254941639894883e-01
-1.053719110133693126e+00
-6.993065070431955244e-01
-1.736133544517401095e+00
8.491932612197969910e-01
-1.311463852363897509e+00
2.054857193469263876e-01
1.064792519235550516e+00
-1.665542447802651968e-02
-2.021194983329261396e-01
-4.199821803500741191e-01
2.816541137482977616e-02
-7.831504760478404936e-01
-1.094001144880564436e+00
4.580108303592289598e-01
-9.938023936008183457e-01
3.582994354276761162e-01
-5.848016632888469735e-01
-1.080203844914448819e-01
-1.363008595380211574e+00
-3.599190612234978159e-01
-1.046968230662198129e+00
-4.786450000335339960e-01
-1.941964954468618165e+00
-7.115131058638546335e-01
3.445534161336072931e-01
-1.593706204479044430e+00
-2.974384605002763915e-01
1.816892183361211721e+00
-1.163519786777064802e+00
1.572035589355947893e-01
-8.457148733284496345e-01
1.724245423316374815e-01
-1.162263104509794198e+00
8.659171748084817377e-01
9.419980378147616018e-02
1.092310754741450118e+00
8.655530604247338999e-01
2.104495880762076998e-01
-4.557091714076639821e-01
1.104673424166538798e+00
-1.060910568618581573e-01
-5.409163480919544353e-01
-2.263355749814004725e-01
-7.480204484417245503e-01
2.197022178095370926e+00
-1.296102098583863160e+00
1.034344871889808504e+00
-6.044826468417273668e-01
6.814071682439598598e-01
-2.463104533564141718e+00
4.628278852950230143e-02
6.843449986372698302e-01
-1.124619855247783073e+00
1.045733355810132048e+00
6.596301456610056402e-01
1.162801852676233594e+00
5.751502303479431172e-02
6.284353374208055676e-02
-1.121397918147324591e+00
-3.782573911918346576e-02
1.363401195626039453e+00
7.393879009499509936e-01
-9.222049963271845563e-01
1.487277428111146049e+00
1.478993139272435586e+00
1.658527649821380789e+00
-1.188018667228060848e-01
-1.539344869823058848e-01
1.454633992608170612e+00
-3.138909361095669759e-01
-9.112591197440447210e-01
3.872707693082224067e-01
9.733239609534365400e-01
-8.278764832285486763e-01
2.061070004379666809e+00
-6.635543813589491746e-01
8.942096191273019024e-01
-4.665033795202452316e-01
1.146776752028327628e+00
-2.160729077914057772e+00
6.305328166211482399e-01
-6.240224162144747400e-01
-7.934622704398290871e-01
2.784232297431223913e-01
-4.908536116432977159e-01
1.315034122367358282e+00
-5.281991305737732123e-01
-2.108959503050241158e-01
1.817752993193862687e-01
-5.745045583464960526e-01
-8.992518582513400194e-01
4.600251186543990456e-01
-2.179373814732616099e-01
5.825078104012054725e-01
-1.176276391769731200e+00
1.310719856175871501e+00
-8.377780670810139885e-01
1.094840807436904484e+00
-1.577318093516985487e+00
-3.611355830595969763e-01
-1.017756256230014866e+00
-5.247087479304342050e-01
4.579278952473208597e-01
-7.418549766279444180e-01
-2.829870723887225464e-02
9.976095909051997390e-01
-3.236255386945235957e-01
-6.515232286477633528e-01
-1.382067779425582454e+00
8.027659882875192165e-01
1.026397157914100966e-01
-1.602935791148947242e+00
8.472430643533518380e-01
6.087504563141183933e-01
-4.017611985349352488e-01
5.642084668112101742e-01
1.725340430107455414e-02
9.439403649432198673e-01
6.141985399386606925e-01
-4.718980705670180464e-01
-1.708343275705245690e+00
-5.977626215862820169e-01
5.599378310472525877e-01
1.598701829077206371e+00
5.426556469326161425e-01
5.221900648862290995e-01
1.657735909826000720e+00
4.807143649672462327e-01
1.199086650826851841e+00
1.449391678279026596e+00
1.041198135694710425e+00
1.168376744568673464e+00
1.630513707468693507e+00
-7.383255818010756588e-01
2.083358628340976626e+00
1.288321402389601245e+00
9.262655704901773257e-02
-1.497055729515699207e+00
-1.317010728650130080e-01
-1.039076032888980317e+00
2.438074880470604722e+00
1.751326041833267011e+00
-5.876174001624374643e-01
-1.387808303729415549e+00
2.322434200110965019e+00
4.558376767933409734e-01
-2.151162117642339486e-02
1.992815072547898247e-01
3.673256271777329274e-01
2.205447544542204152e+00
-5.003525545691788201e-01
8.975312754419451089e-01
-1.489468132595497485e+00
-3.900169670908155278e-02
2.916001693565906105e-01
-1.615923414364737187e+00
8.539693593856816090e-02
1.077057673194449006e+00
1.298063755377715234e-01
-1.494397443933538128e+00
-2.541883286140944609e-01
1.084645936840381353e+00
-1.643011427003413794e-01
5.246347408869842521e-01
-6.388220296368017914e-01
1.083481324320251460e+00
3.534074955432724985e-01
-4.089646778504305025e-01
-1.591345224176513362e+00
4.337057834504375875e-01
8.485892899999140093e-01
7.862000777741281476e-01
-1.381841931320619277e-01
-4.925649605311253620e-01
-9.076635847874635343e-02
-1.521649791591304923e-01
-8.556315159825471639e-01
-4.572370814738584421e-01
3.537453235906464766e-01
8.790613659156389925e-01
1.319819795933974360e+00
-9.983488882272288645e-02
-6.969067584538651827e-01
1.605798608227775981e+00
-1.379790476629751739e+00
-1.172239980391894587e+00
-4.827935386894713909e-01
-9.619816100259169500e-02
1.635035542105785611e+00
-7.555115908636524935e-01
1.999673052319016486e+00
1.095509817958080667e+00
-6.288962183158678387e-01
3.039392418404070900e-02
-1.188977947482934505e+00
8.657784061516263785e-01
6.430223181126101251e-01
1.077491397159040964e+00
1.177031878055579073e+00
-3.698576552646773985e-01
1.000029418989543339e+00
-4.156521701065399310e-01
-1.557819996328195122e+00
-6.217503046084389418e-01
-7.109065840320921703e-01
7.639009754679269015e-01
-9.810769286619298590e-01
-4.559948886116479971e-01
-4.331478276448015863e-01
-1.077569526534823074e+00
-1.121707890741454161e+00
1.426776695296636976e+00
2.933371086419950258e-01
-4.466619574381067159e-01
1.946942479063761278e-01
-9.169029696413316666e-01
7.193264016784221837e-02
-3.685121218544386568e-01
7.149392813709868344e-01
1.653357389283742984e+00
-1.024864069263759392e+00
-1.316287600348166505e-02
-5.265844412894636895e-01
-2.864698763514054725e-01
8.825275956212368378e-01
3.365781271502259475e-01
-1.058305371256293981e+00
-2.530862027907737066e-01
-8.216764558383904751e-03
1.152793043896293695e-01
-8.684013099831254801e-01
-1.561378797892967740e-01
1.694868984908660003e+00
-4.464187449512387329e-01
1.629285123219620102e-01
-1.116218584753785104e+00
-1.537198774404415325e+00
1.078985489406983911e+00
-9.002486592078279282e-03
2.058942914659267043e+00
-3.133924285333403725e-01
9.418042067074694490e-01
-1.064652180074725507e+00
-2.283000711280453593e-02
-1.921032280594337782e-01
1.129725993663739519e-01
-1.707483871161517008e+00
6.490088624598165934e-01
-4.766283014611716329e-01
1.120398297358668138e+00
-2.030990687034529840e-01
3.192463283513020111e-01
-4.654712532764194166e-01
7.799816503599070749e-01
-1.729122448273037627e+00
1.216182370545054042e-01
8.086586716353477700e-01
-2.694295677685110135e-01
1.730149979200039212e+00
-1.046702949074906630e-01
7.622894466971810168e-01
1.576016068149295180e-01
-4.359378311916644044e-01
-2.081324477030471076e+00
-9.585974639350653970e-01
-5.814546219898114598e-01
4.343199733148175867e-02
-8.885989863927957755e-01
-1.116798119240313136e+00
3.065082379091209619e-01
-1.457139760483807889e+00
-1.411994935471261758e+00
5.561180060659290936e-01
4.696455429392854541e-01
-1.448579640892544151e-01
-3.879501088099713280e-01
8.101608123372502357e-01
-1.785458931933335547e-01
-1.536535962711063741e+00
-4.720829248271867229e-01
2.466050519176230083e+00
-1.429074609352590230e-01
-2.147064230385628658e+00
-5.123339193050570062e-01
-1.381288774161125943e+00
-1.111495673922792138e+00
-8.904828242801912097e-01
-1.297212074683798511e+00
-8.247350606891343250e-03
1.023193747869105330e+00
1.042015956014013423e+00
1.393577588046199134e+00
-1.857765276339523375e+00
-9.138151273985262169e-01
1.633703701142901477e-01
1.319734080115646302e+00
5.169144836658315922e-01
4.130322830002915446e-01
6.480093143510271547e-01
-2.897104520964564611e-01
1.155845478827938866e+00
3.433102906911674745e-01
-1.008009515343987417e+00
1.661557257392187736e-01
6.339648895502469905e-01
1.245337013494270506e+00
5.375866052360172009e-01
1.913264382688510734e+00
5.241915554516711762e-01
-8.065631802846916498e-01
-1.169216038835482419e+00
-1.205943527898501316e-01
1.637206735041074168e+00
1.404723118756537659e+00
-1.130353621398297648e+00
7.828363532219433374e-01
5.533185077343725222e-01
6.898190295858503962e-01
-1.545712357950898008e+00
-3.128139601449232421e-01
-1.301717242550003650e+00
1.585497649910870388e+00
2.622274864234922301e-02
5.102181917596664285e-01
-3.704178166197026889e-01
3.464918648242917287e-01
-1.452658841045611826e+00
-2.499315755854531473e-01
-1.353744743928817773e-01
-1.614434365317361397e+00
6.706275333213032042e-01
1.034423816692264131e+00
-1.379251908588382980e+00
1.306229721216282558e+00
-2.898613761583507809e-01
-2.799043126116179669e-01
3.177563448457077500e-01
7.837310890522095619e-01
-1.300116105656954790e+00
3.282203532923533840e-01
-1.862398735055004639e+00
4.500728718063510270e-01
-1.419835207961961387e+00
3.220452668456863510e+00
-2.767313296785897325e+00
5.086396818984678658e-01
-4.323463828243388485e-01
-1.650153151873912927e-01
3.699572880678399511e-01
-8.131540847947342776e-01
9.349421377949312939e-01
-1.118998050068959360e+00
-1.287732210494401397e-01
-9.548267103702735570e-01
-2.776694614593928634e-01
-9.576108725213042794e-01
6.780184502457130558e-01
-1.824489880719026569e-01
9.690498694713055305e-02
-3.109827495879610160e-01
-1.223949227308366750e+00
2.557937098945508025e-01
5.124814611698442768e-01
3.809508231240762433e-01
8.843215455969082317e-01
2.792299332173991955e-01
-7.564017439391433895e-01
-2.762550760511517378e-01
2.152464771699115431e+00
8.801709148638667823e-01
-1.247282947557883270e+00
1.071979229561377922e+00
-6.790177192120867566e-01
-7.970175458926096468e-01
-2.623077854548774845e-01
-7.568520837007447488e-01
-3.903276968055198193e-01
-3.093262250518832523e+00
-3.292375856952501345e-01
-1.219888172600311904e+00
-8.837231868093953224e-02
3.600699440585521938e-01
1.123504780839785111e+00
-4.391057723221584164e-01
1.497674505256548327e+00
5.194453193840098404e-01
1.464800455419511815e-01
1.280939295043547865e+00
-7.822328657122116224e-01
2.849432502969432512e+00
1.740457581830137657e-02
9.905512612509289605e-01
-4.109368539445018009e-01
2.170505145050597162e-01
1.451773046444675863e+00
5.792331974996731692e-01
1.455552487378593274e-01
-4.759285056777321499e-01
4.234104813274258694e-01
3.630607342913306779e-01
2.472918578622822494e-01
-9.371750050691108891e-01
-4.242784246020008254e-01
-1.174149990710012359e+00
-8.148471977572625535e-01
8.603210141440440495e-01
-6.893028996359040761e-01
2.400470031972444129e+00
-1.330813178561899734e+00
-1.204690458328144809e+00
1.059130647531247194e+00
3.266870783707456205e-01
-6.842600986704927557e-01
-1.293356773857564646e+00
2.610510195037948344e-01
1.934075337986628507e-01
1.842733141763353899e+00
1.000566263715861659e+00
4.863802386714581871e-01
1.218177109697323957e+00
4.448465549466196767e-01
4.337417279283936611e-01
-1.243576380299952211e+00
-9.701676521987594171e-02
1.612594689857646535e-01
3.742984211631631974e-01
-7.431622425133262988e-01
7.249007004288552380e-01
-1.225768309849533111e-01
-2.333616842502697908e-01
-1.698485974545425048e+00
4.766352632786268438e-03
-1.520182466217180783e+00
-1.754490683103986814e+00
-7.466644827001372997e-01
5.288110034943309043e-03
-1.414148702401498703e-01
-5.679916148262595943e-01
4.426120253341411237e-01
-4.916863983147025663e-01
-5.596244967420025418e-01
4.578880415414361971e-01
1.078815906892574450e+00
-5.944968380340728831e-02
-1.042861430371372355e+00
4.557260156215414137e-01
-3.659670779543360841e-01
2.777025232776474617e+00
1.566449791054858043e-01
2.517449330236026794e-01
-8.833172823236685733e-01
-1.097153119494197693e+00
-2.417717889152043095e-02
1.381621801446077935e+00
1.107741085469762909e+00
-5.229036159462795430e-01
7.180838082526722621e-01
-1.199106721209203030e+00
-1.262555141195246922e+00
-1.882742261521798355e+00
-1.076204534935536541e-02
3.796240131749582525e-01
2.338338156054305117e-01
-6.065681021975674048e-01
-1.936580008365869743e+00
5.152851498349078074e-01
-1.557561750126339184e-01
-2.651650429449553537e-01
-1.420047963624385678e-01
8.548847426487531098e-02
-1.267509234635924242e+00
-1.484208311224562538e+00
1.204505030679232924e-01
-4.224440838869461534e-01
-1.949739188906764120e+00
1.987736695918613350e+00
8.007380774886911634e-02
-1.080712300637305612e+00
-1.465718432789097303e+00
1.258802516256475323e+00
5.974258195396680016e-01
-5.856510270603819679e-01
1.386385030465885904e-01
3.064589740750622293e-01
-1.181549576766406595e+00
-3.657227761273551536e-02
2.459168601597892245e-01
-1.373049693501797064e+00
-4.537718846734738187e-02
-1.056259726691573642e+00
2.482435462572224472e-01
-4.047516837528541411e-01
2.098966134944570516e+00
-1.896551331455068157e+00
-3.410558744356744221e-01
7.221919662503032411e-01
3.692573619781084338e-01
1.719306421321837794e-02
-2.189687290772169004e-01
2.212764093618111438e+00
1.985912392625864553e-01
-4.944602946827728607e-01
-1.168248902814990497e+00
5.672125039321378459e-01
3.159767480066937861e-01
2.843465542553845093e+00
-1.200047052606301179e+00
2.056851056258805599e+00
2.356026459010891028e+00
-1.146539781763379784e+00
-8.854260816246966037e-01
-4.621592142436283246e-01
-6.824304390849289526e-01
6.555927188434155228e-01
-6.714137218987945577e-01
3.896331313730824752e-01
-6.477078559018774051e-01
7.391514244226649044e-01
1.897011654373611744e+00
9.022529466081126159e-01
-1.238442272521147469e+00
-8.401450299877110117e-01
1.184006010948337462e+00
3.796714192428172763e-01
5.599334938898761216e-01
1.890613114286317509e-01
-8.236407664990096356e-01
1.126573511686769891e+00
7.423071155891837192e-01
-7.475600977443912498e-01
1.227149075237807585e+00
-7.499953359516618734e-02
-1.239874587868073474e+00
-6.427880362842592898e-01
-1.496413184706606669e+00
-2.421955363027154251e-01
-1.200031186787986259e+00
-3.173266452638323076e-01
-1.411519339074303714e+00
-1.920760764913081564e+00
2.406996891815453843e+00
-6.462606803341652828e-01
-6.218268619149259768e-01
-4.462136493133382897e-01
-3.607740290990636423e-01
1.118863475070605157e-01
1.636056927962023400e+00
1.475845515697845611e+00
-5.302016548664595375e-01
-1.755650207019363362e+00
2.582797324341497003e-01
-1.374281087222801734e+00
1.687532126027284710e-02
-7.185748376596204912e-01
2.635667174427833270e+00
-1.528486803677117645e-01
4.105905962208467042e-01
-7.980434557250152272e-01
-5.446275653188844407e-02
3.607842567339487050e-01
-2.411152565302711326e-01
1.372826047720509202e+00
-3.049970800981486319e-01
-2.102059168006500389e-01
-6.844461714115988860e-02
-1.487075245384446576e-01
6.886303666221086361e-01
-7.307413434536565999e-01
1.720748050571701826e-01
1.456223545128268460e-01
-1.616147580483277835e-03
3.127621173310845548e-01
2.697546022913491215e-01
-9.095402787637534292e-01
-9.155233353638025928e-01
-2.230546628265220654e+00
2.252326411691642161e+00
-1.378055563223678170e+00
-7.476692939046163389e-01
6.746681152146153382e-01
-8.234799081936401421e-01
-7.347713376806441765e-01
-2.034695847868070118e+00
4.834181817819954152e-01
-1.361388409206963246e+00
1.611255316643271263e+00
1.532565737994005417e+00
5.553795055636343569e-01
5.118665453072004379e-01
-1.136833702244995026e+00
-4.741073401275470167e-01
-5.702030893475487083e-01
7.201857120397779921e-01
-5.521016558300225752e-01
1.506675115451783009e+00
1.855499843687444528e-01
-9.806921689346788096e-01
1.328133609791918524e+00
-6.395144118449720416e-01
-2.967060735907101621e-01
-8.611615188556933642e-01
-1.435914107650196669e+00
5.879210462666037973e-01
5.819115846008374726e-01
1.182385217870555394e+00
1.167082992109943040e+00
1.216693102515541858e+00
-1.845433555042612916e-01
-2.067451769630637148e+00
8.553728875847423918e-01
1.023948008429292011e+00
2.516996064730644411e-01
1.444238323473381880e-01
3.921268466323996060e-01
-6.601936760718980779e-02
2.744575053552381627e-01
-2.455681823026832244e+00
2.149901808491976596e-01
-9.983966898003604484e-01
2.856565653165794583e-01
1.460588047054590000e+00
-4.299545132192654773e-01
-3.352313365028260495e-01
4.332067137795933554e-01
5.779790767048211819e-01
3.982497996223242631e-01
6.263569090156009267e-01
-9.275825085123122760e-01
-1.016165513003774112e+00
-1.135809512175892655e+00
1.244330035830883974e+00
2.274973151133588445e+00
-5.130606832161334063e-01
-7.445670766332249668e-01
-4.189525336490355911e-02
-1.100112862060457442e+00
6.547377628396717775e-01
8.364706832428783767e-02
-2.126583154013069521e+00
1.882162770270369823e+00
5.534543952653629972e-01
-1.016219325315340871e+00
2.813328717225799802e-01
3.177126473356815806e-02
1.052293400446367988e+00
-2.562091307170316079e-01
4.196622831339748005e-01
2.600449446646739826e-01
2.211439626423156390e+00
8.215844330336833368e-01
-1.649375595475978562e+00
3.474995930733736360e-01
-6.151423751470846968e-01
-1.364703990276284751e+00
-1.200647150218100867e+00
8.243290051656951833e-01
1.236905490574388145e+00
1.518352463523131579e+00
5.501156776962373707e-01
-4.794184937618689579e-01
-1.515655698766976978e-01
-1.109807712692901127e+00
8.784972043551213250e-03
8.800391369536760822e-01
-1.040440797135701589e-01
-8.638393544677414049e-01
-1.394672646410804739e-01
7.226936371962682237e-01
-3.208059524349268221e-01
1.300002423549085351e-01
1.375638228722285472e+00
-1.912814852869563209e+00
-5.781638947399647677e-01
-5.683069115325417586e-01
-2.105488646019416099e-01
-1.556557404021775559e+00
1.306830163360359620e+00
1.215664944633285893e+00
4.643152349611758822e-01
-9.223260894520588504e-01
-1.003269505852951271e+00
-1.122564113395518037e-01
4.159255004529390787e-01
1.379145487138452530e+00
1.514925482861288142e+00
2.661559325484494920e-01
1.135748016495892410e+00
-4.332132837936898961e-01
4.993985009572231570e-01
-5.268529575745999061e-02
1.280564591740059655e+00
-5.945531046057921376e-01
3.075786472571423458e-01
1.604026641458660696e-01
-1.720886010689879064e-01
-1.653139737421216449e+00
-1.080902506833950394e+00
1.120262246294960296e+00
-2.969573490309610486e-01
-5.994894274867286210e-01
-2.507169646939039431e+00
-4.078150272678234267e-01
-2.513530258945395612e-01
6.589225536799971916e-01
-1.263833883545308678e+00
2.844011075990274806e-01
-2.460945809943554941e-01
-1.139795957313490815e-01
-1.184795844294910250e+00
-1.740071943723313419e+00
-9.598016922799915696e-01
1.998086684714926453e-01
-4.935398389145857767e-02
-2.186640389704642917e+00
-6.747874736371456406e-01
7.967913277705377384e-01
6.200654912145433517e-01
-1.598181164363068341e+00
4.431445494662352713e-01
1.119683148169988929e+00
-7.186831776856977827e-02
-5.537086138747365771e-01
1.460266108387443806e-01
-1.373160171779821415e+00
-1.427722996446207926e+00
1.235793625735345680e+00
1.298369489023593407e-02
7.646446145489503854e-01
6.328807239334840462e-01
-2.333639523117471803e+00
2.615782987205921284e-01
2.370750194695889768e+00
2.391225364340162363e-01
4.607091625942338342e-01
1.561797878776460369e+00
-2.328827971816486431e-01
-4.684947910757288336e-01
-7.776228203212125489e-01
-3.080303343964554852e+00
-1.643794220170596398e+00
1.038222043096842073e+00
-1.879684634307465796e+00
3.332659479885061726e-01
1.167909725375178009e-01
5.354710031395770731e-01
-3.054793751110086442e-01
9.233837081864241236e-01
2.275821229391525868e+00
2.711011174520225331e-01
-2.719317963586553422e+00
-1.296848415342543026e-01
4.951187386846607197e-01
8.319088895058517341e-01
1.880454994542044359e-02
2.468844409913838467e-01
1.497530366954750614e+00
-2.170218418648536041e+00
1.351262755124170711e+00
-5.682276028974295734e-01
3.928310390680949116e-01
9.088025410041824514e-01
-5.725162699165625702e-01
4.290712072620889161e-01
-7.426634156261892050e-01
1.174790178814531627e+00
-2.007369599437138982e-04
1.311990897438352510e+00
2.313612523492940998e+00
1.445540425078250646e+00
2.790978241389166503e-01
-1.128702744341953279e+00
-3.994135212012050462e-01
6.665910752280631568e-01
7.495802072874808708e-01
1.141627442361371036e+00
-3.142607291842804962e-01
1.528416793539912666e+00
-1.865220013109502584e-01
-5.164037438811738268e-01
-2.968050064569051627e-01
6.258053901752080872e-02
-1.877530673970504160e-01
-5.484025792409626121e-02
7.543309253846400830e-01
-1.895793841860106133e+00
2.487279844445935861e+00
1.286802498353625465e-02
3.801444892189520530e-01
-4.916045108681520448e-01
-1.000949957974517184e-02
1.103897752153173872e+00
5.740983884519003100e-01
-5.121823262472524618e-01
1.494302311532240468e+00
-3.589847664223445034e-01
1.817665650475019490e+00
5.386363014088048073e-01
-7.865507849015368480e-01
6.398145649090071219e-01
-6.578296346297262120e-01
-1.292085963635626555e+00
4.757688793922494885e-01
-9.413862893397628717e-01
5.389455853455883405e-01
-1.367829678437745278e-01
-2.327551949218366334e-01
2.796567880674160622e-01
-8.399152398893791061e-01
-1.025675240022257295e+00
-5.974182766653316490e-01
9.649300006883410052e-01
-1.037585888699621650e+00
1.727869521538842323e-01
8.401078951686609120e-01
1.674860257872059721e+00
8.128089814281809211e-01
-9.658745061237801188e-01
7.321112743807942635e-01
-9.559305653400509417e-01
9.669246948382231865e-01
5.388276151105592104e-01
-2.059151242693806061e-01
-2.075457679655167142e-01
-1.596978760568358746e+00
8.572690962418544336e-02
9.772701469796991613e-01
-1.908708813603481769e+00
-7.511439807053993389e-01
-2.620655102716695772e+00
7.661800219881713669e-01
-2.923102725305166683e-01
-1.633309901972287148e-01
-2.799858314170640683e-01
9.168010742528125423e-01
-2.131535764827900414e-01
1.046548171106722741e-01
-8.953783899510671107e-01
4.030635253262545015e-01
1.022373016215542885e+00
9.551414091734194978e-02
4.429862604215100141e-01
8.928243491948577581e-01
-9.053763542099205197e-02
2.144346041702611227e+00
-4.532318238997389281e-01
9.690205603885252428e-01
2.434865273949683023e-02
-3.601969049371885889e-01
-2.827728957902330142e-01
-1.912777619310009447e+00
-6.399196216847852225e-01
-7.731202910475745149e-01
4.295835818839899289e-01
-8.464034911696475261e-01
-6.969413094991308011e-01
-8.257349675882993401e-01
1.097939846573910083e+00
-9.363974605053743128e-01
2.046414068223992300e-02
-7.923414923738296700e-01
1.472612275499559420e+00
1.403632970025000759e+00
-7.500658780017572802e-01
1.074028023327416204e+00
-1.062203508394201190e+00
4.439540573470041052e-01
7.112369540493154174e-01
-1.102437726902822934e-01
-1.231192093784995389e+00
-4.203890481758413844e-01
7.021459598446041506e-01
-3.859130162293846755e-01
-2.723420611330431007e-01
4.379109677385222277e-01
-4.905508436079413226e-01
-6.614709243970251507e-01
3.715457422124537196e-02
-3.800225403652521816e-01
3.705530284528356644e-01
-8.180334840013048225e-02
3.049904768422381229e-01
1.888877626510306218e+00
3.931894893803549729e-01
-1.231392965140276630e+00
-1.192362390176994608e-01
1.348538632010433114e+00
1.639306531423180280e+00
5.163715812718754350e-01
-2.634551124091353835e-01
7.600026635865942959e-01
2.660646880790140223e+00
-1.406332781904884310e-01
6.906845473629696919e-01
-1.444734564002562172e-01
2.144400903218185217e+00
3.376059876336257037e-01
2.371653028652222606e+00
-1.242977510673425989e+00
-2.284110369347687630e+00
-9.303982242867619989e-01
-8.670328168931191737e-01
3.847626630573607875e-01
1.392979971907436054e+00
2.954888319065379076e-01
-4.561253664946905984e-01
9.838537640770852466e-01
1.004947937287785420e+00
-1.777903151542948201e+00
-1.563889919338730672e-01
-4.840758808235953170e-01
1.612168105323111833e+00
6.343790568064479052e-01
4.951498472463347622e-01
-1.263090332077189792e+00
-4.027816775481171119e-01
1.616123645985113599e+00
4.093546476178453464e-01
2.575358082283395467e-01
3.800161801272166073e-01
-7.869601627826132706e-01
-2.422455309638399168e+00
7.698452312496165129e-02
5.680219279599851845e-01
-3.624404881834641379e-01
-4.279594218942703310e-02
8.097981824589142175e-01
-1.330630582223155445e+00
-5.539567836212355711e-01
6.380081162982921550e-02
-2.254367421687834550e-01
-1.047223771873350806e+00
4.559272905460335923e-01
4.952858167606816533e-03
-7.911955931680419996e-01
1.201852954911949656e+00
9.955666427179384881e-01
1.214144899825230661e+00
4.595033503174734621e-03
2.163814937084600487e+00
6.937300886494249808e-01
-9.096731951169172159e-02
-8.358150858379724546e-02
-4.548481122226085138e-01
1.562973926679961378e+00
1.421812239935787758e+00
6.510442875509488136e-02
2.053758740766336466e+00
-2.632363935739153726e-01
-5.800204782104621815e-02
5.922513746416546709e-01
1.648093868013455143e+00
2.701455085877507711e-01
-8.974699144834126230e-01
1.312761969557397490e-01
6.925803608113270116e-01
-2.043711540197688414e+00
-4.011956435631776063e-01
1.560483644091439137e+00
-1.321063724303887452e-02
3.995964344993412354e-01
-2.750039525268245799e-01
-6.491247376447423223e-01
-8.133370782246908126e-01
6.983877261592825736e-01
-7.213710950255669552e-01
-1.316806622201041499e+00
1.781832857943295989e-01
-3.843735935705044904e-01
5.324251910172993485e-01
-1.090023194086682468e+00
-2.692960201951542398e+00
4.240522416319492671e-01
5.318659949411226329e-01
-1.069192101543551265e+00
-1.446334186959169314e-02
-1.127514769444498688e-01
-3.132872131773667967e-01
7.360552818099489469e-01
1.224139029123482381e+00
7.954951288348660610e-01
2.026819078659695683e-01
-1.620286349563716255e-01
-8.582734766153505834e-01
1.299035412084135421e+00
-1.956298332398203887e-01
-3.450922606038639984e-01
-3.802604336763786841e-01
-5.152974758353394691e-01
2.329368506891732471e-01
-2.555908735251015695e-01
-9.391909407693908030e-01
-3.605484131046686747e-01
-1.024550582414320010e-01
-1.188188948089942132e+00
1.316289227755103708e+00
7.118045857580103108e-01
-3.829716878171142147e-01
4.441037387665333069e-01
-2.155736578253582447e+00
-3.396574021651093678e-01
4.329187618188403697e-01
-1.213573380332423568e+00
-2.868471024405015779e+00
2.871027332192407910e-01
1.417858069471514604e+00
8.573227442284989674e-01
-1.625986698692909738e-01
1.219276077332485331e+00
3.866256222051010494e-01
-6.072743262452229285e-01
1.824641187068056336e+00
1.012724022249427008e-01
1.202327598917386942e+00
-1.336405448058314738e+00
-1.876417529520723937e+00
2.668796910018121360e-01
-6.894012553544559552e-02
-2.645051413416453223e-01
-4.163965006853099227e-01
-1.257742576740358498e+00
2.831609478726717644e-01
4.697804579950377590e-01
-1.812369767562254763e+00
2.787389449321562851e-01
-1.860967838451889067e-01
-7.923642110724029575e-01
-2.081337146888936118e+00
-3.614374636555101605e-01
-1.489340881197006271e-02
-4.793237662265205645e-01
1.460086738802083062e+00
-6.308955174432705482e-01
8.340550628250459342e-01
-1.884589151432921383e+00
7.527247721039495021e-01
6.852217415572282588e-01
-7.220023055088123920e-01
-8.974841082113170776e-01
-1.129152917533079448e-01
-8.939702402465048436e-01
1.015747237617607546e+00
-1.835601291804288548e+00
-5.962415044649488349e-02
-5.214178542925435034e-01
1.373860539857538310e+00
1.620324224056584939e+00
2.008726866911493047e+00
5.678286012176391173e-01
-6.781006118262581372e-01
-4.355538958177087028e-01
-4.472302706466464717e-02
1.350710353852729417e+00
-6.642092728474316976e-01
1.934521697959965814e-01
-1.063922404089088225e+00
6.368475422400421415e-01
9.076690308082866476e-01
1.631567561288181478e+00
-9.086160249405493897e-03
-8.062003050980586227e-01
1.249607743487455069e+00
1.082265459874274471e+00
8.255249327074635213e-01
1.996812626689154491e-01
2.767862963267252452e-01
-1.031650808518216333e+00
-1.316027297714946087e+00
-3.869535743722484628e-02
1.051310845708970154e+00
6.130512953735438586e-01
-6.785574481053365803e-01
-1.491765863511890444e+00
-1.436691157735884738e+00
3.530417648880083276e-02
-6.708695724388612502e-01
-2.994525263316369923e-01
-1.026604145724722361e+00
6.272186443145857382e-01
-9.717779452134696072e-01
2.005318755054009028e+00
-1.341105937265970161e+00
-1.214916260941167003e+00
1.894608595307674115e-01
-1.773523708462408921e+00
6.413248983555274174e-01
-1.755520113753918476e+00
-9.480636414418737168e-01
6.912968703003937732e-01
4.030382490801598938e-01
6.126144892420886112e-01
5.252539172873891271e-01
3.126291321646878618e+00
2.755815143587520222e+00
-6.757004048488155501e-01
-1.995980302929255268e-01
-6.875336314319721032e-01
6.176278617467991783e-01
-4.800393159835807388e-01
7.708841570133577736e-01
1.540642381236412561e-01
1.226399029755876224e+00
7.551336351949438086e-01
5.549930225596657607e-01
6.548127188740491267e-01
-5.408075807108015942e-01
-1.474814583897307851e-01
3.651202674841524387e-01
-1.231088272688078078e+00
-1.029051737547445056e+00
4.274237987832182895e-01
6.216105897010530956e-01
1.636996596594596232e-01
-8.538804437223296295e-01
7.461477009097825519e-01
1.514390177651217195e+00
-1.969094080018217285e+00
1.172000711587171784e+00
-1.741628085328450259e+00
-3.011895645052527382e+00
9.960551503696055686e-01
1.572099120466781963e-01
-2.803776833949466196e-01
2.514874064982924873e-01
5.033737352747965632e-01
6.078448013530948213e-01
-1.534951532003223929e-01
7.098682514963613466e-01
-6.660246780520147070e-01
-1.282641576137036665e+00
1.703600863925084585e+00
4.149800306984111065e-01
1.609771229611412502e-01
4.556515834872851278e-01
-1.647122543554565555e-01
-9.557107047365842600e-02
7.114907302275903511e-01
-2.629552624447114018e-01
2.451245258165906105e-01
5.481111169800696459e-01
-6.400346297427095266e-02
2.574071140544432201e-01
6.301152752938787849e-01
-2.325783594626600059e-01
-1.829473988298542020e+00
1.068634369864534195e+00
-6.286087024365646370e-01
4.569364727844601459e-01
-1.115416565489922629e+00
-5.951992657977722700e-01
2.930566273403583111e-01
-1.077539244456484635e+00
-1.218705271973730131e+00
5.495122925048931961e-01
2.266483115372190049e+00
-1.244840749363648413e+00
-6.585788083365794465e-01
6.631899025674449222e-01
7.080587857490793224e-01
-9.663434341844909237e-02
-1.934639896202091924e-01
-4.883292557665054323e-01
1.083140515104762613e+00
-6.392486496018008335e-01
-1.211069885989167316e+00
7.256421403295095773e-01
1.285950647597829288e+00
-1.988390565891301476e-01
-6.765977420283464383e-01
-4.108864106521449289e-01
1.334205562343691698e+00
-4.130147637274732553e-01
1.863119825643014815e+00
-7.235004333015936373e-01
1.333494779202063940e+00
4.308698098472777960e-01
1.720280105641104063e-01
8.569591093618104116e-01
-4.680075646916699306e-01
-1.509366078439216219e+00
-2.348426972369075383e-01
3.327202263358167711e-01
-5.026382605396316761e-01
-3.752684831140861710e-01
-3.137580932877728768e-01
1.333803323182078060e+00
7.483994538103974081e-01
-1.009364735138318786e-01
-9.654414681987092406e-01
1.391485073230651626e+00
-6.594984879983650794e-02
-7.656967980581216304e-01
-4.110987076748754410e-01
1.792788802549851734e+00
-1.637822199761328701e+00
1.142033460950741208e+00
-1.913059138782527757e+00
-7.129965532060594802e-01
-6.841953693266438208e-01
-4.166074092634113879e-01
-2.415586452696738273e-01
9.839294096764233943e-01
6.713244171183777587e-01
-8.147845421144787048e-01
2.270934431536707265e+00
1.696307474833322337e-01
-3.311493421008698812e-01
5.906779632604761826e-02
-2.163695852991698310e+00
5.543231867948784641e-01
-6.336633497750714383e-01
-8.405686673123906605e-01
-1.816137941210578810e-01
1.703122183448358973e+00
1.143385976939189641e+00
5.961077492771994502e-01
8.023822595195041485e-01
3.434790147672897032e-01
2.340204863597923346e-01
1.246750427096692537e-01
2.081567276425462798e-01
-1.651203014770536992e+00
1.489065077928073633e+00
1.881693934446533767e+00
-1.018773325029491694e+00
-2.186856954583153434e-01
-1.375204727427866702e+00
-4.127548105150449231e-01
6.432441671382654880e-01
-1.624548750736685421e-01
4.818267819707726385e-02
1.036687475999582109e+00
-1.617208878767306901e+00
-8.390294987659194792e-01
5.790235334824708202e-01
-6.001126586920771944e-01
-1.073223304703363246e+00
-1.429735685508405352e+00
7.284701475808268434e-01
8.126782383125312759e-01
4.141925043699780651e-01
-6.538692959087746281e-01
-9.705362908551832257e-01
1.431525251352768091e+00
1.548878863043342990e+00
1.903911162276168190e+00
5.169925726640939301e-01
-7.420668978441595787e-01
2.842892071187671732e+00
5.270564220433392455e-01
1.261472974184046247e+00
4.693893647925782148e-02
5.081815536628631058e-01
2.967281176849903002e-01
-1.052295266820298503e+00
-1.350322170147821632e+00
4.412961236254692859e-02
6.633948661467981012e-01
5.247928642495088836e-01
-2.730100896529596977e+00
-1.434836227304411072e+00
-8.258910941803391248e-01
1.331956618002608783e+00
-8.617586639751528832e-01
-2.780250427856577611e-01
5.033901416951950258e-01
-6.313194331231681833e-01
-7.002023931591649930e-01
5.316726418283233002e-01
4.491260892112985958e-01
-4.627848704650606715e-01
-8.044725921734459106e-01
5.251484536530828251e-01
-7.131041912983701603e-02
-4.860979019176340787e-01
-4.387905291127761065e-02
1.142428722524877704e+00
3.346611413074495611e-01
5.113706102134740750e-01
-6.145532740889910750e-01
2.619628516488933800e-02
1.820390215936567579e-01
-8.004569031825062853e-01
6.702203831676396550e-01
3.942780681309813184e-01
-9.109086645519326453e-01
6.399668205255503173e-01
-7.364399998702614303e-01
-1.014279906492539185e+00
-5.405845987940749442e-01
2.975475257686719832e+00
-4.979617470612095892e-02
3.845163438215410956e-01
2.023142109535564170e+00
-1.989307888691762005e-01
-6.055834406088597688e-02
-1.784594834901059635e+00
1.237149254980605573e+00
1.085863989170577470e+00
-1.319468177850947166e+00
-5.044697983430794785e-01
-1.174258037226783902e+00
-1.118229601823763852e+00
-1.029340470539965802e+00
-1.643474566845520846e+00
-1.033518055732413510e+00
1.348550253407220456e+00
5.495050872103154904e-02
-1.969529494574137340e-01
4.257497958692965101e-01
1.664631031197022271e+00
8.595363783723138085e-02
9.267428513363369148e-05
5.292500030802134159e-01
-8.555251594626027689e-01
-9.997445019821536993e-01
2.104882145323790088e-01
1.507198144304702891e+00
-7.867314779624541288e-01
5.491353153077495053e-01
-1.239257150221043213e+00
1.670535322310935600e+00
1.939215568839472104e+00
-1.074121689640167993e-01
2.584713752610093285e-01
1.473582645938469882e-01
1.428277411216051507e-01
2.195834482160867462e-01
-3.948579539817939077e-01
-1.569974901386593791e-01
-7.438096989911048285e-01
1.300191594689994457e+00
7.994576957081155344e-01
-2.928406685833868650e-01
5.119334249147263760e-01
-7.367997245031541187e-01
1.451411574165521134e+00
2.107779258001269973e-01
-5.642961423080424810e-01
9.876111535782475803e-01
9.571651740887052728e-01
7.827813249314719002e-01
1.504566778882447387e-01
5.996735056251178975e-01
-4.342715901072389251e-01
-4.668194919034838741e-01
-2.003211198855660291e-01
2.562332523817270058e-01
-1.907702651360341672e+00
1.118619793217213054e+00
1.283524100277268376e+00
1.866932244572638400e+00
-3.260783732547945651e-02
5.725056646236289515e-01
1.413780610010995920e-01
-1.661945202454357506e+00
8.642605864806981453e-01
-9.032684365760480505e-01
5.598270314979707507e-01
-1.244825771364177047e+00
2.119049387015419506e-01
1.115852142114232226e+00
1.197940628302165855e+00
-1.041907124348205871e+00
-9.058853962373086821e-01
-1.156927247114656332e+00
2.148821990258290848e-01
3.686104164306098219e-01
-7.940839974247571043e-01
-1.130938551128968239e+00
-8.403838717204441533e-01
2.853422091460620647e-01
1.003404859073088323e-01
-1.998672445163850453e+00
-2.634734778229204655e-01
1.809782910905197939e+00
7.001377252301221876e-01
7.203174598584801691e-01
4.327918025073527741e-01
2.311637790141364557e-02
1.019876200315779302e+00
-1.050021390637661201e+00
-6.804176263043790751e-01
2.377828254397930774e+00
-5.437206212218675949e-01
8.851986614393866359e-01
1.819893246833534484e+00
1.434086158011307344e+00
9.517631674971940292e-01
-1.132476658439713679e+00
-1.692167021557179352e+00
-2.807952336842794300e-02
-2.392633234170097323e-01
-2.309787872579466966e-02
3.959834639630026576e-01
-9.235500474239598523e-01
1.011301781592651272e+00
2.006619356407500554e+00
2.208122399529979241e-01
-1.445877050002960296e+00
-1.277530886524461895e+00
1.583548308429262974e+00
1.810826909694934095e+00
-1.451874570631230599e+00
-3.468188538048030400e-01
1.897143151963262275e-01
7.890341855438546270e-01
1.401154506159135726e+00
-1.039598461356801229e+00
1.739816079488052114e-01
-2.395650391770866861e-01
3.205814192113528582e-01
-5.888328559563967834e-01
1.181582355324016342e+00
1.425377844035002339e-01
-2.906188196556656611e-01
2.502720933182207008e-01
3.613914709513607049e-01
1.061947162013006762e+00
3.628931944740872995e-01
-7.231647273138634979e-01
4.637492826462958490e-02
-1.200294811762946834e+00
1.274761172812325649e-01
5.201629590869553121e-01
-6.030680707008369001e-01
-3.011052132539788206e-01
-7.916766891593179922e-01
2.270433771815045798e-01
1.988001846590702337e+00
-1.354702130237385838e+00
-4.727300672580403429e-01
-9.565612858113766714e-01
-8.001612545402024823e-01
2.408963363062468055e+00
5.592231620053038643e-01
1.209298267958212492e+00
4.887357605725690113e-01
-1.696516280243925534e+00
3.409023077484155673e-01
-1.606283283291597197e+00
-9.088131901982234861e-01
-1.703424567346555341e+00
-8.995007743434271230e-01
-1.524085520030117102e+00
8.720029456026019421e-01
-2.264954042292270653e-01
-3.304183693853264825e-01
1.027632623191653494e+00
6.280428794314854013e-01
1.359099131880727951e+00
3.326304785741152625e-01
1.130958741786472072e-01
-5.454594016564018322e-01
4.059081802124033245e-01
-9.889876265338541916e-01
7.629117398972405928e-01
-8.502646610544315475e-01
-3.567031100333308002e-02
-1.864133709543096762e+00
-1.053166458277841055e+00
-2.326586943406555308e-01
2.234777547304673817e+00
5.079170276886505464e-01
-1.087259283524223852e+00
3.615902593067696902e-01
2.408424167867098675e-01
-5.738960339229342011e-01
1.314883469541941796e+00
1.084359861971906230e-01
4.657638286849182241e-01
2.204371292611984501e+00
-1.546714526722353877e+00
-5.467365062332382175e-01
1.862497267223432174e-01
1.130435931149035067e+00
-8.085793189928373037e-01
7.121450573351710833e-01
8.662507030435880051e-02
1.270885067255675960e+00
5.770469021142968780e-01
5.321156973172569415e-01
-5.688956386404248056e-02
-1.194407910767917746e+00
5.825270557044486264e-01
-1.486622499538244213e+00
1.084329581478772342e+00
2.034558698313641834e-01
2.588832599244129451e+00
-7.634440861777272991e-01
-1.431877438033990479e+00
-2.024931155829263751e+00
-1.060660171779821415e+00
-3.268607636943233197e-01
-1.464461423193571532e+00
7.595387917568162672e-01
-1.144465911845585104e+00
-1.104422742364113086e+00
-1.018927031561368102e+00
-4.981007240673102077e-03
-6.332069001551032805e-02
1.103762822489128270e+00
1.209042995572745971e+00
-1.058738441265130170e+00
1.384229183997747414e+00
-5.640441235667126990e-02
4.554303194164109891e-01
-1.400420799969105623e+00
-4.755145112959021647e-01
-6.246763389057704563e-01
-1.562018637389979814e+00
1.244782584823912019e+00
-4.516680984723901449e-01
-2.010240784436574391e+00
1.122562746696344066e-01
1.129165662467233044e+00
4.063072849097003336e-02
1.741871386272964228e+00
-1.413095844059849247e-02
1.093734757722592876e+00
1.300187835592203855e+00
-1.311385969340455260e+00
-5.200424711271899314e-01
2.045085161440949317e+00
6.096680216620100623e-01
1.146418593572690270e+00
5.934124421774017444e-01
5.069579349284191183e-01
1.429513763572738183e+00
-5.928160550341423640e-01
2.748762562351705907e-01
8.119543014882597554e-01
-5.685243528586724215e-01
1.315656643493960942e+00
-8.109766007437700930e-01
1.143202815984387444e+00
-1.442676251118069249e-02
8.444838869701253303e-01
1.213202836362090364e+00
1.104376445557966324e+00
5.156826497634467987e-01
2.643297801162165506e-01
-2.516743797809889438e-01
1.694577930536704358e+00
9.032120746714862314e-01
1.309939751287344745e+00
7.512856952598913063e-01
8.665433914582911790e-01
-7.424360056859646839e-01
-2.507878547520856483e+00
1.438540419250863289e+00
9.037767789715126510e-01
6.852063027151716890e-02
-1.119508435108988120e+00
1.632823822303270278e+00
9.915500927710836354e-01
-1.893537285041708929e+00
1.449614142085136281e+00
5.388452616003590601e-01
8.171397925301967513e-01
9.333514046614994619e-01
1.939281521487830340e-01
8.396110256501303493e-01
1.528961193644654826e-01
2.773641281666847092e-01
-8.810078474613713961e-01
-3.804732981130873326e-01
1.855259862153844974e+00
2.599145998551649073e-01
6.295330232430313977e-01
1.175956721370911229e+00
7.776445856188667349e-01
1.447815923335327160e-01
1.898382867462783119e-01
1.570039341743564743e+00
-4.955616517944679000e-02
6.224470306201052017e-01
-1.312436990100085188e+00
-9.803640722142686892e-01
3.729288722546078572e-02
-7.798272519513658185e-01
-8.304979869726235309e-02
-6.312768069101156732e-01
5.666466581507226818e-01
7.734303855147378615e-01
-4.162153257214248891e-02
1.117308024336444022e-01
-9.763137626064515295e-01
-6.246251491064793715e-01
-1.595338969711599386e-01
-1.526854757441337418e-01
-1.288943382324628573e+00
4.513181397967529901e-02
2.265721592339658752e+00
5.175104955709578514e-01
5.788296118565993131e-01
-4.895310513135306407e-01
6.899491969799166347e-01
2.668736525282695116e+00
1.293914061230087009e-01
1.026635819101348268e+00
-1.914639580676035013e+00
-6.354208049749582310e-01
3.003675290018712030e+00
1.600502733977787528e+00
-7.087121149706147039e-01
-5.208857535616010503e-01
1.517493917609889387e+00
1.344006841975375455e+00
2.188658690141095153e+00
1.434352904773674275e+00
-4.758006891244275227e-01
-1.228541000017159490e+00
1.204483884581247555e+00
-2.001950116646173949e+00
-5.740185633856764724e-01
-4.091339349685679805e-01
-5.251754428518594642e-01
8.106899662751710922e-01
-1.022272982688296583e+00
2.367849726863003879e-01
1.847143942566703556e+00
9.038761789317480977e-01
1.558052306008611332e+00
-1.798005915641944230e-01
-1.226895059109981645e+00
-2.771286743115845552e-01
-1.244354547418114576e+00
-7.735438633125126806e-01
3.344082727552524087e-02
1.872255658222679919e+00
-1.818433157594055771e+00
5.181833032699105779e-01
2.251107842109036361e-01
6.523246061572436361e-01
-4.379968506056866606e-01
-8.243007783563736091e-01
-2.713012771086125596e+00
-4.352960502424197964e-01
4.918183808874663776e-01
7.063768920508274318e-01
3.494549522433471611e-01
8.759174372898526073e-01
-1.040885360369158796e+00
-2.826049640148449726e-01
1.496094400462359975e+00
-2.817929812569064940e-01
5.646911097679729874e-01
-4.369956409097107419e-02
-1.146512166053040183e+00
-3.257997989300046027e-01
-4.173385023166732988e-01
-1.948798002462683032e-01
-3.939342675244377201e-01
-1.751612994166608539e+00
-1.153037265491687613e+00
-7.951118852477806476e-01
-1.759186483181918170e-01
-7.013563938010899390e-01
2.433737032419905244e+00
-6.912121709827142579e-01
-1.265670769498241643e-01
-1.018565487644564893e+00
-5.693503919036290162e-01
7.802700473298420647e-01
-1.548456628712511218e-01
-2.129178804970464356e-01
1.078808344266809272e+00
1.586444335041376219e-01
1.915441652881393342e+00
-6.381090156918308720e-01
6.783374645561796035e-01
-5.518270587161442364e-01
-7.465138400114995632e-01
4.480414808743495847e-01
-3.654725661096182299e-02
5.712548879478810404e-01
8.314258529408230514e-01
6.920394878274718220e-01
7.198416434270241693e-01
-2.296393311507558543e+00
-3.026947027055450490e-01
8.727424528888555466e-02
-1.322861546759612095e+00
-6.473226673561142119e-01
-1.823585488040793401e-01
-7.347689875977916341e-01
1.115890005012738051e+00
-2.836143194303193948e-01
5.341311817190161904e-01
2.111488360763100758e+00
-8.987708470862729726e-01
-8.154701321844334272e-01
3.287882468629402255e-01
8.335534579050846160e-02
-1.443089493469114304e+00
-7.227085939304001005e-01
8.608553998317678424e-01
2.067622100134973162e-01
-4.665260032590051176e-01
1.091540641230887898e+00
1.067846381710608528e+00
-7.052734297798807228e-01
-1.284609342315545577e+00
-6.543412768069399865e-01
1.528922336381691505e+00
1.076418912749542711e+00
-9.238067477636777713e-01
9.428770276569273801e-01
-6.878372977965906410e-01
-9.486097531959662987e-01
-6.648132652687518407e-01
1.252599341772224761e+00
3.803603174750960769e-01
-1.145920529182405945e+00
2.746984731336852836e-01
-9.133807925085554169e-01
1.523016213664266871e+00
-1.485573662345273771e+00
3.010167604185887830e-02
-2.215952458930041669e-01
-8.765497817975631545e-02
-6.255291595678996730e-01
2.641463582586315098e-02
1.052405403731370148e+00
7.734955053331543651e-01
9.102648345058536594e-02
-5.214836325556073682e-01
-2.060864345852390644e-01
5.858089494233583716e-01
2.452102017580351789e-01
-2.340644563759820773e+00
8.158844682252405223e-01
6.053076966927709579e-01
-1.433638663232495336e+00
8.672066835396617934e-01
-4.329983325371634106e-01
4.268607104519941964e-01
9.274297673142748444e-01
-5.724585607716555780e-01
-9.924432759415990901e-01
-1.176971133800673197e+00
-9.966240735462177369e-01
-1.350928150960883922e+00
-8.123180256344919581e-01
-3.782322620950897551e-01
6.898147235844339642e-01
-8.814722117026612125e-01
-7.481601717798213036e-01
1.834751598814813089e+00
1.753105810396958786e-01
1.237836061971224089e+00
1.229087688171513065e-01
2.043307120438529356e+00
4.499026895911064639e-01
9.865849529227724846e-01
4.518787798728431948e-01
-1.314040598851361041e+00
-1.563597742603978658e+00
-8.253784017137625328e-01
1.857137937655017196e-02
3.100333871654700202e-01
7.174681248091513419e-01
-8.111958490776201292e-02
-2.959351651055180943e-01
-7.483075309171551837e-01
-4.749018258109404256e-01
1.939251717385581941e-01
3.204806095434868385e-01
3.042790284394742528e+00
3.319481513783803517e-01
7.620247050302252356e-01
-4.543680740383261307e-01
5.933683077569058550e-01
7.546787753585041392e-01
-2.214383292825702121e+00
-5.717524953065470372e-01
-1.897173990367554852e+00
-2.685361567570792585e-01
4.081878195428987888e-01
6.430154029517273218e-01
-4.729214805390619669e-01
-4.143438167739976752e-01
6.201490646179439459e-01
5.587764383521820477e-01
-3.274758585213837780e-01
-1.111939484858574627e-02
1.005282323557664004e+00
2.858897042867671878e-01
-7.636608624262870570e-01
-1.713672493696506149e-01
3.133131472205426538e-01
-1.573671107024158522e-01
-9.193496389659293611e-01
-1.536046488725465731e-01
-7.587019457018127078e-01
1.351670120099955352e-01
-8.530303685749898723e-02
-1.110556195818861724e-01
-2.441649711267147582e-01
-8.002310021268834728e-01
4.018184792155745644e-01
1.194335967975355350e+00
-6.403208477275156296e-01
-3.545914444235238605e-01
3.454994870668274265e-01
-2.785714981157009218e-01
-1.967339020123058946e+00
-8.014511452349002418e-01
4.104840492475831937e-01
1.857788242239816645e+00
4.399067389759733770e-01
-1.587598316218817862e+00
1.100726593678397647e+00
-1.059015981197771045e-01
1.219129700221133872e+00
-9.090469036133400071e-02
4.847239738820374177e-01
-3.693103881338430372e-01
-2.621247664670111610e-01
2.804552681135514813e-01
1.463025263561221978e+00
1.915847842543531687e+00
1.092091701386861180e+00
-5.736404876574769940e-01
4.315795530814545145e-01
4.076895258473384742e-01
5.945350551582786469e-01
-1.696276369489928618e-02
2.872360390880550618e-01
-4.782664034087810018e-02
-8.269152836603460219e-03
-1.240050126646772943e+00
1.631779642660003138e-01
8.717353891397718879e-01
-1.072799087226010029e+00
1.467476521339869944e+00
-7.395931362147162291e-02
-1.474864142675335499e+00
6.421625274129152405e-01
1.931355940939088744e-01
1.693608415685042834e-01
-9.284771578445502049e-01
-2.811007555954163697e-02
2.202272335706112028e+00
1.842429521003909054e-01
6.105898951034808286e-01
-4.482837560481282013e-01
1.795073997772747232e+00
-1.699953823040967649e+00
-1.210000494479742006e+00
1.305308927230228733e+00
2.460051027953999436e-01
-8.634584214623567400e-01
7.153445754044239491e-02
-1.768014160572871363e-01
5.780464439651604724e-01
1.939313313663212079e-01
5.179891355659923535e-01
-3.005704088729052037e-01
5.841872354028754266e-01
7.945238398610936503e-01
-2.038609573265280694e+00
-8.769787397320071287e-01
2.223977285333086140e+00
3.354616234827555166e-02
-1.088481766256903294e+00
1.443682503131892281e+00
1.230832354470276169e+00
-1.147761917249600749e+00
4.544719986482746443e-01
-1.156466677390834308e+00
6.979702763674282551e-01
-6.223570162551876894e-01
1.036611409921754268e+00
-4.201456706620574910e-01
8.204552481026191613e-01
6.442554131495211722e-01
4.289951822449786928e-02
-7.058475598684984531e-01
7.925474089045752013e-01
1.402479145330211896e+00
-8.030366205823562557e-04
-1.309002402982129831e-01
1.166461448547978924e-01
1.123153029063406860e+00
1.118518354734133052e-01
1.737604505690262480e+00
3.192160162688257863e-01
-3.795116104701820037e-01
-1.947217091184491711e+00
-3.214282747316831723e-01
-8.038023701531817888e-01
-1.555460408990287702e+00
-1.084617020537547993e-01
-1.800419220956214483e-01
7.146037120692787514e-01
8.687123330778508956e-01
1.279031512821731553e+00
1.206417615585047426e-01
-1.676970196196747309e-01
-4.729124070002726360e-02
-2.895573467666877621e-01
-4.650508758930227970e-01
1.016893914275566413e+00
8.784776486700948683e-02
3.601338698299125229e-01
5.061798477590981893e-01
-7.976502257526474349e-01
-2.715552165564602549e-01
-3.413123303263932984e-01
-4.331538485770132230e-01
-6.684418647601236829e-01
-9.327987823200788453e-01
-1.496722717496448141e+00
3.385766686395575431e-01
4.999229852149043585e-01
-4.468996723205690969e-01
-6.709487522070167742e-02
9.374187668976617649e-02
1.519157698351033536e+00
-1.184915190735888579e+00
-6.965004395359691847e-02
3.229737836238585347e-01
-8.448207860705490013e-01
4.970988044610672452e-01
-2.623988040829395629e+00
3.497614956376600692e-01
3.258375924975658866e-01
-1.932271057740191367e+00
4.271915188357774951e-01
7.485325169139203094e-01
4.444784536274261066e-01
3.634825703598472679e-01
3.689549341599770438e-01
1.002732860672726378e+00
1.169667243874734641e+00
-2.118913726553526278e-01
3.222635824520045378e-01
5.010443983429934134e-01
5.166431393232154834e-01
-1.538586304126088988e+00
1.630675669616944212e+00
3.044947154282916582e-02
-3.863888779909390725e-01
1.090326112879084874e+00
2.062166878943214599e+00
1.315672238213051903e+00
-1.720203216798803059e+00
4.483816866398169371e-02
-2.160835901123038916e+00
7.599617053770700847e-01
-1.042325414854657462e+00
4.565670395306990481e-01
-5.478805881490373952e-01
-1.549424277121578264e+00
-4.840883532012121293e-01
3.870190180087833970e-02
7.973593026027534503e-01
1.480159763491677438e+00
-2.510972177315245468e-01
-1.141304290126794463e+00
-4.834268801695421058e-01
8.889898261661309808e-01
4.713023123714887852e-01
-4.771736236678294496e-01
-1.764721832668086243e+00
-4.049240607134027038e-03
-2.266003559101044396e-01
-1.684917583308863653e+00
1.708149276933028204e+00
-1.503270000262051376e+00
6.010333568182781860e-01
-3.707242314354559087e-01
-1.125271192586199787e+00
6.674129310967223949e-01
6.832671634295162111e-01
1.116621699383835847e-01
1.162931127914033302e+00
-1.466501748773043831e-02
-7.456559167904402985e-01
-6.333505197184402524e-01
2.167665843575235840e+00
3.913554397876749247e-02
1.424061165236199411e+00
8.990982303935841635e-01
5.501845097403647994e-02
-3.139358741153484567e-01
9.281533352025781447e-01
1.650212360277772683e-01
2.641019274329957089e-01
-7.621071203576436082e-01
-6.119803356733398703e-01
-3.795060906828272018e-01
-2.249190205322760816e-01
2.227459921549489186e-02
-6.159700318583318790e-01
8.098540886948967232e-01
1.711499455640287159e+00
-7.742023073752651863e-01
-3.832664425190894786e-01
8.823079520866109471e-01
8.162113428240782564e-01
2.269976574955068216e-02
-8.838834764831844382e-01
6.992698193356053915e-01
-2.584863980599684252e-01
1.334622101451385268e+00
-8.587258429963966488e-01
2.716666059943336764e-01
7.393943152002663277e-01
-1.741417392041840984e+00
-1.415751325139500416e+00
-1.364718603725044277e+00
-6.736981155107051311e-01
8.057700807114953623e-01
8.718528042946722956e-02
1.547924407145055692e-01
1.237190240467893387e+00
6.029770917587128354e-01
-1.783077960602593937e+00
6.831749416760418692e-01
7.960672619194925081e-01
5.434323159446531326e-01
3.476571572110217501e-01
-1.036922129349079569e+00
4.485578407737546569e-01
1.484933273463287240e-01
9.131160895057864879e-01
-3.236607701243977564e-01
-3.633423214033785764e-01
-1.088380479204191786e-01
3.769158880866012029e-01
4.562475501809472034e-01
-5.610989619341094636e-01
-5.196008592262526538e-01
1.358887593212403599e+00
-9.106101717818365637e-01
9.119106902391657665e-02
-6.641037375684445410e-01
7.477271960092187753e-01
8.348797102776586154e-01
1.120236214701042288e+00
8.370024085403174885e-01
-6.079429950679542394e-01
-1.053115720569292035e+00
7.930169393254928867e-01
-8.355104126219295990e-01
2.330254941639894883e-01
-1.053719110133693126e+00
-6.993065070431955244e-01
-1.736133544517401095e+00
8.491932612197969910e-01
-1.311463852363897509e+00
2.054857193469263876e-01
1.064792519235550516e+00
-1.665542447802651968e-02
-2.021194983329261396e-01
-4.199821803500741191e-01
2.816541137482977616e-02
-7.831504760478404936e-01
-1.094001144880564436e+00
4.580108303592289598e-01
-9.938023936008183457e-01
3.582994354276761162e-01
-5.848016632888469735e-01
-1.080203844914448819e-01
-1.363008595380211574e+00
-3.599190612234978159e-01
-1.046968230662198129e+00
-4.786450000335339960e-01
-1.941964954468618165e+00
-7.115131058638546335e-01
3.445534161336072931e-01
-1.593706204479044430e+00
-2.974384605002763915e-01
1.816892183361211721e+00
-1.163519786777064802e+00
1.572035589355947893e-01
-8.457148733284496345e-01
1.724245423316374815e-01
-1.162263104509794198e+00
8.659171748084817377e-01
9.419980378147616018e-02
1.092310754741450118e+00
8.655530604247338999e-01
2.104495880762076998e-01
-4.557091714076639821e-01
1.104673424166538798e+00
-1.060910568618581573e-01
-5.409163480919544353e-01
-2.263355749814004725e-01
-7.480204484417245503e-01
2.197022178095370926e+00
-1.296102098583863160e+00
1.034344871889808504e+00
-6.044826468417273668e-01
6.814071682439598598e-01
-2.463104533564141718e+00
4.628278852950230143e-02
6.843449986372698302e-01
-1.124619855247783073e+00
1.045733355810132048e+00
6.596301456610056402e-01
1.162801852676233594e+00
5.751502303479431172e-02
6.284353374208055676e-02
-1.121397918147324591e+00
-3.782573911918346576e-02
1.363401195626039453e+00
7.393879009499509936e-01
-9.222049963271845563e-01
1.487277428111146049e+00
1.478993139272435586e+00
1.658527649821380789e+00
-1.188018667228060848e-01
-1.539344869823058848e-01
1.454633992608170612e+00
-3.138909361095669759e-01
-9.112591197440447210e-01
3.872707693082224067e-01
9.733239609534365400e-01
-8.278764832285486763e-01
2.061070004379666809e+00
-6.635543813589491746e-01
8.942096191273019024e-01
-4.665033795202452316e-01
1.146776752028327628e+00
-2.160729077914057772e+00
6.305328166211482399e-01
-6.240224162144747400e-01
-7.934622704398290871e-01
2.784232297431223913e-01
-4.908536116432977159e-01
1.315034122367358282e+00
-5.281991305737732123e-01
-2.108959503050241158e-01
1.817752993193862687e-01
-5.745045583464960526e-01
-8.992518582513400194e-01
4.600251186543990456e-01
-2.179373814732616099e-01
5.825078104012054725e-01
-1.176276391769731200e+00
1.310719856175871501e+00
-8.377780670810139885e-01
1.094840807436904484e+00
-1.577318093516985487e+00
-3.611355830595969763e-01
-1.017756256230014866e+00
-5.247087479304342050e-01
4.579278952473208597e-01
-7.418549766279444180e-01
-2.829870723887225464e-02
9.976095909051997390e-01
-3.236255386945235957e-01
-6.515232286477633528e-01
-1.382067779425582454e+00
8.027659882875192165e-01
1.026397157914100966e-01
-1.602935791148947242e+00
8.472430643533518380e-01
6.087504563141183933e-01
-4.017611985349352488e-01
5.642084668112101742e-01
1.725340430107455414e-02
9.439403649432198673e-01
6.141985399386606925e-01
-4.718980705670180464e-01
-1.708343275705245690e+00
-5.977626215862820169e-01
5.599378310472525877e-01
1.598701829077206371e+00
5.426556469326161425e-01
5.221900648862290995e-01
1.657735909826000720e+00
4.807143649672462327e-01
1.199086650826851841e+00
1.449391678279026596e+00
1.041198135694710425e+00
1.168376744568673464e+00
1.630513707468693507e+00
-7.383255818010756588e-01
2.083358628340976626e+00
1.288321402389601245e+00
9.262655704901773257e-02
-1.497055729515699207e+00
-1.317010728650130080e-01
-1.039076032888980317e+00
2.438074880470604722e+00
1.751326041833267011e+00
-5.876174001624374643e-01
-1.387808303729415549e+00
2.322434200110965019e+00
4.558376767933409734e-01
-2.151162117642339486e-02
1.992815072547898247e-01
3.673256271777329274e-01
2.205447544542204152e+00
-5.003525545691788201e-01
8.975312754419451089e-01
-1.489468132595497485e+00
-3.900169670908155278e-02
2.916001693565906105e-01
-1.615923414364737187e+00
8.539693593856816090e-02
1.077057673194449006e+00
1.298063755377715234e-01
-1.494397443933538128e+00
-2.541883286140944609e-01
1.084645936840381353e+00
-1.643011427003413794e-01
5.246347408869842521e-01
-6.388220296368017914e-01
1.083481324320251460e+00
3.534074955432724985e-01
-4.089646778504305025e-01
-1.591345224176513362e+00
4.337057834504375875e-01
8.485892899999140093e-01
7.862000777741281476e-01
-1.381841931320619277e-01
-4.925649605311253620e-01
-9.076635847874635343e-02
-1.521649791591304923e-01
-8.556315159825471639e-01
-4.572370814738584421e-01
3.537453235906464766e-01
8.790613659156389925e-01
1.319819795933974360e+00
-9.983488882272288645e-02
-6.969067584538651827e-01
1.605798608227775981e+00
-1.379790476629751739e+00
-1.172239980391894587e+00
-4.827935386894713909e-01
-9.619816100259169500e-02
1.635035542105785611e+00
-7.555115908636524935e-01
1.999673052319016486e+00
1.095509817958080667e+00
-6.288962183158678387e-01
3.039392418404070900e-02
-1.188977947482934505e+00
8.657784061516263785e-01
6.430223181126101251e-01
1.077491397159040964e+00
1.177031878055579073e+00
-3.698576552646773985e-01
1.000029418989543339e+00
-4.156521701065399310e-01
-1.557819996328195122e+00
-6.217503046084389418e-01
-7.109065840320921703e-01
7.639009754679269015e-01
-9.810769286619298590e-01
-4.559948886116479971e-01
-4.331478276448015863e-01
-1.077569526534823074e+00
-1.121707890741454161e+00
1.426776695296636976e+00
2.933371086419950258e-01
-4.466619574381067159e-01
1.946942479063761278e-01
-9.169029696413316666e-01
7.193264016784221837e-02
-3.685121218544386568e-01
7.149392813709868344e-01
1.653357389283742984e+00
-1.024864069263759392e+00
-1.316287600348166505e-02
-5.265844412894636895e-01
-2.864698763514054725e-01
8.825275956212368378e-01
3.365781271502259475e-01
-1.058305371256293981e+00
-2.530862027907737066e-01
-8.216764558383904751e-03
1.152793043896293695e-01
-8.684013099831254801e-01
-1.561378797892967740e-01
1.694868984908660003e+00
-4.464187449512387329e-01
1.629285123219620102e-01
-1.116218584753785104e+00
-1.537198774404415325e+00
1.078985489406983911e+00
-9.002486592078279282e-03
2.058942914659267043e+00
-3.133924285333403725e-01
9.418042067074694490e-01
-1.064652180074725507e+00
-2.283000711280453593e-02
-1.921032280594337782e-01
1.129725993663739519e-01
-1.707483871161517008e+00
6.490088624598165934e-01
-4.766283014611716329e-01
1.120398297358668138e+00
-2.030990687034529840e-01
3.192463283513020111e-01
-4.654712532764194166e-01
7.799816503599070749e-01
-1.729122448273037627e+00
1.216182370545054042e-01
8.086586716353477700e-01
-2.694295677685110135e-01
1.730149979200039212e+00
-1.046702949074906630e-01
7.622894466971810168e-01
1.576016068149295180e-01
-4.359378311916644044e-01
-2.081324477030471076e+00
-9.585974639350653970e-01
-5.814546219898114598e-01
4.343199733148175867e-02
-8.885989863927957755e-01
-1.116798119240313136e+00
3.065082379091209619e-01
-1.457139760483807889e+00
-1.411994935471261758e+00
5.561180060659290936e-01
4.696455429392854541e-01
-1.448579640892544151e-01
-3.879501088099713280e-01
8.101608123372502357e-01
-1.785458931933335547e-01
-1.536535962711063741e+00
-4.720829248271867229e-01
2.466050519176230083e+00
-1.429074609352590230e-01
-2.147064230385628658e+00
-5.123339193050570062e-01
-1.381288774161125943e+00
-1.111495673922792138e+00
-8.904828242801912097e-01
-1.297212074683798511e+00
-8.247350606891343250e-03
1.023193747869105330e+00
1.042015956014013423e+00
1.393577588046199134e+00
-1.857765276339523375e+00
-9.138151273985262169e-01
1.633703701142901477e-01
1.319734080115646302e+00
5.169144836658315922e-01
4.130322830002915446e-01
6.480093143510271547e-01
-2.897104520964564611e-01
1.155845478827938866e+00
3.433102906911674745e-01
-1.008009515343987417e+00
1.661557257392187736e-01
6.339648895502469905e-01
1.245337013494270506e+00
5.375866052360172009e-01
1.913264382688510734e+00
5.241915554516711762e-01
-8.065631802846916498e-01
-1.169216038835482419e+00
-1.205943527898501316e-01
1.637206735041074168e+00
1.404723118756537659e+00
-1.130353621398297648e+00
7.828363532219433374e-01
5.533185077343725222e-01
6.898190295858503962e-01
-1.545712357950898008e+00
-3.128139601449232421e-01
-1.301717242550003650e+00
1.585497649910870388e+00
2.622274864234922301e-02
5.102181917596664285e-01
-3.704178166197026889e-01
3.464918648242917287e-01
-1.452658841045611826e+00
-2.499315755854531473e-01
-1.353744743928817773e-01
-1.614434365317361397e+00
6.706275333213032042e-01
1.034423816692264131e+00
-1.379251908588382980e+00
1.306229721216282558e+00
-2.898613761583507809e-01
-2.799043126116179669e-01
3.177563448457077500e-01
7.837310890522095619e-01
-1.300116105656954790e+00
3.282203532923533840e-01
-1.862398735055004639e+00
4.500728718063510270e-01
-1.419835207961961387e+00
3.220452668456863510e+00
-2.767313296785897325e+00
5.086396818984678658e-01
-4.323463828243388485e-01
-1.650153151873912927e-01
3.699572880678399511e-01
-8.131540847947342776e-01
9.349421377949312939e-01
-1.118998050068959360e+00
-1.287732210494401397e-01
-9.548267103702735570e-01
-2.776694614593928634e-01
-9.576108725213042794e-01
6.780184502457130558e-01
-1.824489880719026569e-01
9.690498694713055305e-02
-3.109827495879610160e-01
-1.223949227308366750e+00
2.557937098945508025e-01
5.124814611698442768e-01
3.809508231240762433e-01
8.843215455969082317e-01
2.792299332173991955e-01
-7.564017439391433895e-01
-2.762550760511517378e-01
2.152464771699115431e+00
8.801709148638667823e-01
-1.247282947557883270e+00
1.071979229561377922e+00
-6.790177192120867566e-01
-7.970175458926096468e-01
-2.623077854548774845e-01
-7.568520837007447488e-01
-3.903276968055198193e-01
-3.093262250518832523e+00
-3.292375856952501345e-01
-1.219888172600311904e+00
-8.837231868093953224e-02
3.600699440585521938e-01
1.123504780839785111e+00
-4.391057723221584164e-01
1.497674505256548327e+00
5.194453193840098404e-01
1.464800455419511815e-01
1.280939295043547865e+00
-7.822328657122116224e-01
2.849432502969432512e+00
1.740457581830137657e-02
9.905512612509289605e-01
-4.109368539445018009e-01
2.170505145050597162e-01
1.451773046444675863e+00
5.792331974996731692e-01
1.455552487378593274e-01
-4.759285056777321499e-01
4.234104813274258694e-01
3.630607342913306779e-01
2.472918578622822494e-01
-9.371750050691108891e-01
-4.242784246020008254e-01
-1.174149990710012359e+00
-8.148471977572625535e-01
8.603210141440440495e-01
-6.893028996359040761e-01
2.400470031972444129e+00
-1.330813178561899734e+00
-1.204690458328144809e+00
1.059130647531247194e+00
3.266870783707456205e-01
-6.842600986704927557e-01
-1.293356773857564646e+00
2.610510195037948344e-01
1.934075337986628507e-01
1.842733141763353899e+00
1.000566263715861659e+00
4.863802386714581871e-01
1.218177109697323957e+00
4.448465549466196767e-01
4.337417279283936611e-01
-1.243576380299952211e+00
-9.701676521987594171e-02
1.612594689857646535e-01
3.742984211631631974e-01
-7.431622425133262988e-01
7.249007004288552380e-01
-1.225768309849533111e-01
-2.333616842502697908e-01
-1.698485974545425048e+00
4.766352632786268438e-03
-1.520182466217180783e+00
-1.754490683103986814e+00
-7.466644827001372997e-01
5.288110034943309043e-03
-1.414148702401498703e-01
-5.679916148262595943e-01
4.426120253341411237e-01
-4.916863983147025663e-01
-5.596244967420025418e-01
4.578880415414361971e-01
1.078815906892574450e+00
-5.944968380340728831e-02
-1.042861430371372355e+00
4.557260156215414137e-01
-3.659670779543360841e-01
2.777025232776474617e+00
1.566449791054858043e-01
2.517449330236026794e-01
-8.833172823236685733e-01
-1.097153119494197693e+00
-2.417717889152043095e-02
1.381621801446077935e+00
1.107741085469762909e+00
-5.229036159462795430e-01
7.180838082526722621e-01
-1.199106721209203030e+00
-1.262555141195246922e+00
-1.882742261521798355e+00
-1.076204534935536541e-02
3.796240131749582525e-01
2.338338156054305117e-01
-6.065681021975674048e-01
-1.936580008365869743e+00
5.152851498349078074e-01
-1.557561750126339184e-01
