4.861359120657514632e-01
4.393545641642719879e-01
-1.857916296730177885e+00
-1.162587260930712629e+00
3.535807179842933579e-01
5.092714826328986755e-01
5.719374982823050707e-02
-6.834639870473325773e-01
-8.697297598417758069e-02
8.828946380331706978e-01
-1.223706974044575513e-01
-8.529367763017502158e-02
1.434567121072876761e+00
-9.531554958740440231e-01
6.264014779644204722e-01
-4.862306312760514282e-01
-2.762661581631157826e-01
1.225121959901024127e+00
1.792424699325091686e-01
-2.279930425525495200e-02
-1.587159758543113641e+00
2.492331331922640114e+00
1.620613604898215376e+00
-1.458509649632029337e+00
1.556794334285928727e+00
-1.455511308351851607e+00
-3.833598649583058737e-01
-3.538860189498163056e-01
2.292235950439979852e+00
-2.038818092062166798e+00
1.077318215560772341e+00
-2.680928653135431494e-01
2.000939214620849338e-01
1.887366067554722138e-01
1.504712616977037509e+00
-1.938413839107928638e+00
1.063682995635474970e+00
1.146975726683580277e+00
1.211960619918393878e+00
1.360226828939803123e-01
-5.478760751270964624e-01
3.952730496251171677e-01
2.059962975888228520e+00
-8.061050600399509436e-02
-5.049971834181509189e-01
-1.437975130884422859e+00
-5.620707445345972664e-01
7.564777042717401034e-01
-1.576892642391200638e+00
-1.502370593966806167e+00
-1.231524215082200779e+00
2.433185867787947265e-01
-1.734476220138986502e+00
-1.046694371360771036e+00
-6.272510670241371322e-01
-1.381096167699133459e-01
1.108985042985152353e-01
-9.317404718921876716e-01
-1.635325400970422782e+00
2.840066702699926005e-01
-9.970580951195898711e-01
4.097720920125474398e-01
-2.546874304921311061e-01
1.295984187360505580e+00
1.401049281364018295e+00
1.514882098679438904e+00
-2.653825352736020882e-02
-8.323453370217200886e-01
5.493726376025823699e-01
2.730535380730802486e-01
-3.605175820023452382e-01
-4.315067090306444197e-01
7.807142246781664796e-02
1.155164773337105988e+00
-8.920855448769193785e-01
-2.425332174620880465e+00
6.060492396809505911e-01
-2.345328944464564636e+00
8.353303753199755599e-01
4.682944956345781451e-01
-1.528869672003881422e-02
-6.597365911348669343e-01
6.430313365449409346e-01
1.040471014067503530e+00
-1.909749350463242346e+00
-6.227834501904028208e-01
-4.864249295148209140e-01
-5.115402007869072065e-01
-1.612407242797878393e+00
1.743256813901349789e+00
1.204834899918385327e+00
1.886971669564952325e+00
8.997941433384223364e-01
1.595294608433094757e-02
7.354614901730231746e-02
1.575604482123562633e-01
9.807026123975713938e-01
-1.351316965236106782e+00
5.611257571511198972e-01
-1.169953388402327432e+00
9.556337121920036592e-01
-2.036913034691722676e-02
2.743521176496216629e+00
2.267513058508719759e+00
-2.457216529442538544e+00
-2.275964675634944090e+00
3.057587777927201281e-02
9.272881041853981987e-01
6.664919347643423475e-02
1.072019319731929876e+00
4.202822651129658471e-01
2.957468449007019662e-01
3.694349313518625610e-01
-4.739326783967648393e-01
1.031459659134526419e+00
6.858772244033737309e-01
-1.952430450630222025e-01
-1.033398063092586305e+00
-1.364039568838025240e-01
-1.762107105595754675e+00
-6.786262303775003613e-01
-1.544207287504200776e+00
6.213233513304055045e-01
-1.353672824524231766e+00
2.724773655759250790e+00
1.458662827104233006e+00
-1.837536605107609466e-01
1.356685573031835568e-01
3.520390737132871040e-02
-5.248953632201104336e-01
5.882231032498901335e-01
2.055867724229341886e-01
-1.457364724068627160e-01
1.933268035317516897e+00
-1.103738438321891779e+00
1.501355620112349021e+00
5.504495828186352080e-01
7.516625842398837465e-01
1.035697174806521792e+00
1.487807210189771023e+00
1.162215111274824242e+00
5.169369015674086798e-01
1.684206582518753104e+00
-1.548031026895062778e+00
-1.261208777038952844e+00
-1.158391457405307801e+00
-8.533737578913407340e-01
3.714620513458512518e-01
-2.637872872000421864e+00
1.039871376936380154e-01
-1.179841719163385039e-01
8.087795365366814426e-01
1.616706017337558032e+00
1.108664936279252639e-01
-2.809810541307912413e+00
1.561194202057554881e+00
5.602115724585379208e-01
-1.489208349739925996e+00
-1.290787617840984669e-01
-8.895019338330510950e-01
1.011844845216536060e+00
-1.997934703643380550e+00
-1.110863600139593288e-01
-6.278181199882733043e-01
9.938963216038946280e-01
4.952883525214901161e-01
-7.752852265615947647e-02
7.183854190457849009e-01
-8.773695684743871848e-01
-1.261368265602872629e+00
1.753406837269514185e+00
9.681831226772297239e-02
-1.304864923486671824e+00
6.615410821518344191e-03
2.051561770386735706e+00
-2.129817897968512286e-01
-1.604110617536579575e+00
1.006411187144299557e+00
-1.729575146119149281e-02
-3.115809612355032732e-01
-1.557422577578574663e-01
-9.039638084541518070e-01
-1.203863576678121605e+00
-2.520574235523870943e+00
-3.102583567240642659e-01
7.222680678370796414e-01
8.628709098493791974e-01
-1.574280426705186864e+00
-4.076867086690555420e-01
-3.129088972367880667e-02
2.195549958455935424e-01
-5.305707980166309845e-01
-1.374819822118274804e+00
-1.223696125556539060e+00
2.689991479329892687e+00
1.264679771996548352e+00
-1.681163108959256247e+00
4.564522782772573173e-02
8.419555681550743298e-01
-4.435592121446766956e-01
1.495521991409973994e+00
1.639200897349604613e+00
6.212659009896095430e-01
1.347050221558432348e-01
1.071293294034371346e+00
2.613297476283911180e-01
-1.401141230449382657e+00
-1.247273202938236292e+00
2.398284731799623648e-01
-3.637456546380918865e-01
-8.256085907654050482e-01
-6.170352542710673127e-01
-5.918814814718312833e-01
1.216076928205644059e+00
-5.317971739449152135e-01
1.187570620829645707e+00
-2.963032704951003293e-02
-6.039756612826743254e-01
-9.182626329248254615e-01
-1.483226729244895514e+00
1.404717412774773022e+00
-1.275595872565499889e+00
1.063060843837597247e+00
9.317777166455115667e-02
-1.431239468224036360e+00
-7.647129385042121356e-03
-1.539643831234210336e-01
-1.454444535591473686e-01
-1.486887611065818293e-01
6.164045706020137017e-01
3.802062554693640406e-01
6.406629339649666521e-01
-7.312787228476600454e-01
-6.999981125574177288e-01
6.676746840614546930e-01
5.184736498738005128e-01
-1.564804094281941671e+00
-1.368663908119467143e+00
1.188953301221649772e+00
-1.317458010888147957e+00
2.552583893020393124e-01
6.187742955408840340e-01
-1.657209715664256233e+00
1.607315964020329835e+00
5.558171072777267074e-01
1.010915937314423196e+00
-1.384593592471785040e-01
6.430156740293690998e-01
-3.481544328571342106e-01
-3.522064257697400391e-01
-4.389115110753800120e-01
-1.513687682074605911e+00
-3.605476493457673293e-01
3.774790616789459874e-02
-5.017671656425438664e-01
1.659400817091739144e+00
-1.218592167691145284e-01
-4.784048310361838086e-01
6.113918432634922462e-02
1.510837163446263620e+00
1.646276681088324478e-01
-4.759154724907004863e-01
2.842323259113211931e-01
-1.083233372742351319e+00
3.066924361364256058e-01
-1.611306847316830160e+00
-2.481585463651093393e-01
1.076987343421944576e+00
-1.445277443325627464e+00
1.127039690503968794e+00
-8.472649396603092187e-02
-9.590899016937532995e-01
-5.209135136665618004e-01
-8.422397470678504305e-01
8.392090795382649571e-01
2.932679242786900842e-01
1.450498333134665918e+00
5.111318885742647256e-01
-8.573323926183520904e-02
4.717125131075358691e-01
-1.163615868532289904e-01
6.268501366690621968e-01
-3.163267213214689955e-01
-4.013324590642050049e-01
-6.306901320716753467e-01
-2.095570647982386570e-01
4.379455300449879296e-01
5.083297583763723981e-01
-8.401167210053267498e-01
3.435950523148234570e-01
-1.772480944341408571e-01
-7.300363433692154055e-03
-1.398352352209583538e+00
9.931630068699767167e-01
4.737741006186274584e-01
-4.193169093824831717e-01
-3.356432027716268474e-01
1.217509966380467379e+00
3.867905404447299356e-01
8.680600673924632193e-01
2.392325037893487105e-01
-2.849534911887765531e+00
-8.260983223672870857e-01
1.301574497819049103e+00
-4.362052387621495053e-01
-1.944347048860437077e+00
-1.272606206553545505e+00
6.262673883507585693e-01
-6.472108961343278066e-01
1.168551878305742253e+00
-1.236492560167634425e+00
9.089368302805115318e-01
1.078836736341483304e-01
-1.082467796389761983e+00
1.472998170515974259e+00
1.584170376854628026e+00
1.985046292948032809e+00
-6.652841538366244256e-01
-1.343996885999658275e+00
-8.807013125983823021e-02
1.464809993720078973e-01
-1.480765500208486019e-01
-2.046774439295909076e+00
9.465392149476447026e-01
4.191537867976848353e-01
-1.308454816135191878e+00
8.551857859627129965e-01
-3.406518924746108068e-01
-2.559379277742252976e-02
-6.694854533600160806e-01
1.829673154247076980e-02
8.760134143349106173e-03
6.796451809643768716e-01
9.544608883159019785e-02
-6.944636570932656294e-01
-6.700084264904195008e-02
1.387989556569013683e+00
2.327402412017538502e-01
-1.452325790406215344e-01
-3.471403990356029534e-01
-5.212437707592507685e-01
-1.335246151181735952e-01
-8.034515614344882317e-02
-6.614958798664407613e-01
-1.369051283333614810e+00
1.031572851477501995e+00
-1.210685033828520663e+00
-1.732621991446517740e+00
9.131743645468032300e-01
-1.080653234541216534e+00
-5.643436867776291388e-01
-5.562221683172454689e-01
3.804501737761030733e-01
-1.302355840383926155e+00
-4.634395488777039857e-02
9.354872915986015003e-02
6.750244580300210906e-01
1.397050320435956783e+00
8.835665264206640779e-02
1.385756867143475901e+00
-1.167985627683376437e+00
8.108824948016016831e-01
1.484142252826910757e-01
1.727861611767407934e+00
-5.355183541604298103e-01
-6.031621267795602703e-01
-4.710354666713282845e-01
9.141134936647659082e-01
1.863255330548382771e+00
2.836312443372985756e-02
-5.016877655575900929e-01
1.442714073025138877e+00
1.395857580405171494e-01
-5.889741404812994796e-01
7.769868494272278436e-01
-7.224977637257625762e-01
8.092150205985201294e-01
-2.450234422640083398e+00
-1.762736828747149265e-01
-6.872882017046552106e-01
-1.308117429871697990e+00
3.573561005874963392e-01
3.816628585597699186e-02
1.221581267301931284e+00
-1.783078070066110632e+00
-1.281844906962584796e+00
7.173065631358602756e-01
-1.048261111237843934e+00
-5.660839489022115867e-01
-4.362155258209381992e-01
7.029362489284173288e-01
-2.833288114807857028e-01
-2.593462101389483743e-01
-6.272317042962306521e-01
-1.639125779773615399e+00
4.019008529563811716e-01
-5.003992921360436164e-01
-7.126938415092972656e-01
1.148560394248322680e+00
-1.907328386511426555e+00
-2.710226788204620277e-02
5.110977837842504146e-01
-1.378567771522073715e-01
-9.585919154931776820e-01
-4.092512532574517636e-01
-1.458209574175751144e-01
-6.043891081140293497e-01
-5.253659007867765851e-01
-6.128470449662825059e-01
2.393896748187012563e-02
-4.742004959748317705e-01
-6.246112379723519625e-01
-1.877639457741143159e-01
7.216053591040745285e-01
4.006941943147070972e-01
3.860623434080013294e-01
-1.111813672942574938e+00
4.769756542639473906e-01
8.263516442411785734e-01
2.008833504860805252e-01
-1.848356631843959541e-01
1.154693980893979122e+00
1.748298790708993633e-01
-6.831369008514450725e-01
1.199584848317946761e+00
1.451473763141804207e+00
1.109065949549182584e+00
1.164638133275648579e+00
2.040154294113789124e+00
3.463214945289558866e-01
7.031827258593645880e-01
-7.483459184645732329e-03
8.141081216379287833e-01
1.385203453700028231e-01
-6.527771378438792516e-01
4.645657517109517687e-01
-4.252808114594502364e-01
6.217397835471314416e-01
-2.432354353394781565e+00
1.832770923873370816e-01
3.583023403871685164e-01
-8.751705474580939725e-01
-1.080616058743935737e+00
-7.285480202699711610e-03
-1.155315443106269102e+00
-2.483353885001778616e-01
5.158546521938937035e-01
-1.712343893773532244e+00
-6.888526273940543954e-01
-8.471012083158774297e-01
-1.155436796288515033e+00
1.482523259891934009e+00
-2.612702570946176195e+00
-1.783125622266327204e-01
1.719148759530347848e-01
1.805008885250436179e-01
-1.592700247012476256e-01
6.208178729557453090e-01
-3.368255358095484375e-01
1.796035470859088212e+00
3.029781947136233056e-01
4.436126836532607309e-01
1.422584805279641706e+00
2.425998549752049482e-01
2.029041101558440308e-01
2.416834866427622075e-01
-1.268819371933649576e+00
-6.860139908529441222e-01
-2.693411470287127019e-01
8.719090413129920725e-02
6.249464798478252536e-01
3.599473538590271526e-01
1.016382393166940235e+00
-1.228882987258279880e-01
4.695383798760453531e-01
-2.679907379301846859e-01
9.728250603765186133e-01
1.101064168143006672e+00
6.378446112918414457e-01
4.573270999070959686e-01
-5.986704526989339303e-01
1.010903038608551130e+00
-2.340085069561166353e-01
5.339153816251160922e-01
-1.443909217557612090e-01
-2.582334622885091441e-02
-1.523698899258681072e+00
-1.314351086443698247e+00
-1.086948298552311121e+00
9.606754858691534116e-01
-1.470936415706308953e+00
5.799157250344051384e-01
-7.145366114536502167e-01
3.296974364843435201e-01
-2.685483274645436014e-01
-8.608611575699339769e-01
-1.634393339242553367e+00
9.382580329572794975e-01
8.941064301808299142e-01
-2.351302586356449620e-01
-7.824101912399895886e-02
-4.689934273327286962e-01
-5.590241123067479778e-01
1.097159749206812335e-01
2.046099571015723706e-01
-6.294510905118548376e-03
-8.988186900892048969e-01
6.893066770281891520e-02
-1.375545131275620836e+00
1.660310480729861649e+00
-1.033857984645632500e-01
-6.459363547553984564e-01
3.093592167691145423e-01
-1.084058799651683280e+00
3.819005281138529995e-01
4.325384048895392769e-03
2.599682781529150777e+00
6.215484117200406056e-01
-1.432894161723550774e-01
-1.192112900371937873e-01
9.090856035677319369e-01
6.375962060856263935e-01
-1.689134467574791243e+00
1.053770457292739327e+00
-2.232167890854929393e+00
1.250865755048954364e-01
4.709718370726972969e-01
5.155282460505197228e-01
5.634644252518470342e-01
-2.274565634555746618e-01
-2.556023259412128490e-01
3.788624335220209249e-01
-1.544351235051102667e-01
-6.694972057205827998e-01
1.656325385035358477e-01
-2.600138536894813224e-01
2.695710369771938120e-01
-1.294450006823119725e+00
2.180941433132381757e-01
-3.324905613337237331e-01
3.476178965589847625e+00
4.934837102785334384e-01
-3.812986722460121602e-01
-2.334027736852137824e+00
2.621552765256181527e-01
1.554364883700931621e+00
1.230409996451117705e+00
-1.062739278111705765e+00
-1.068428183943005871e+00
-2.494692622403852644e-01
-1.411324697894750901e+00
-5.068831604719584716e-01
2.042310367760520329e+00
1.051665066189796383e+00
-1.258856186099761576e+00
1.078225378850049543e+00
3.332414036992725065e-02
-5.072790033918509467e-01
1.351940030688537187e+00
1.785130494177663785e+00
1.385378301098526554e-01
-1.081380761954697123e+00
-4.832290641593670610e-01
1.507737312111616657e+00
-6.813473477376005283e-01
-1.597620636395361560e+00
-2.096670645864907812e+00
1.028136491244697970e+00
1.661377392203607084e-01
-3.990846295399765875e-01
1.518583949684867651e+00
1.185210610900517381e+00
1.892819707488551773e+00
-1.476840754720667725e-01
2.333399011897334049e-02
2.362853072062908455e-01
-6.718190953471657456e-02
1.202021483585003284e-02
-7.267316788700128871e-01
-1.698128129693354527e-01
8.698693931672402124e-02
2.448206045592936642e-01
-9.321577629619035577e-01
-9.091169699922799774e-01
-5.814587012051213311e-01
-8.366011210023335254e-01
2.143131367922719743e+00
1.614161784614253525e+00
-6.665118952073641190e-02
-1.288598940606324739e+00
-2.059746452797958316e+00
-9.930340457659952991e-02
8.367813498727167190e-03
1.649963689194540728e-01
-8.816272872259361959e-01
-8.707249991222490992e-01
3.244464239320253296e-01
6.465952705512063581e-01
-1.163717199863685048e+00
1.212491053858509721e-01
2.109618816055672585e+00
-1.264162088689955166e+00
1.281956939598785761e+00
9.098136789661394053e-01
3.156515910371548994e-01
-1.944279184615816503e+00
5.007487127124907733e-01
-6.625718773496322989e-01
-1.134138927114331619e+00
-3.209346126522467646e-01
5.580178657530692199e-01
-1.240006605190141054e+00
5.477289670173435265e-01
1.589798131464117636e+00
-1.072080799191116984e+00
-1.899056409303060966e-01
3.159738325019654237e-01
-7.321785172574589717e-01
-8.868868841660284552e-01
-1.235508982179918780e+00
7.579489220288738727e-01
-5.098571007011246659e-01
1.727929245195591879e+00
1.158341366178760490e+00
-8.400499038591670020e-01
1.033106056020386188e+00
6.530635057071081384e-01
1.351568443520996032e+00
-1.842706524755068465e+00
-2.202073369328335417e+00
-3.728063634764569589e-01
-8.072037574664853166e-01
9.219828667424392332e-01
-2.929268159968090868e-01
5.498167803940481324e-01
1.764683815980085502e+00
-1.518062469326576513e+00
1.259185034450435170e+00
1.171224112180022425e+00
5.150257522994149406e-01
1.152175109311515566e+00
4.744572034306553387e-01
-1.045852676886036559e+00
5.291753443505173848e-01
1.523365369650554024e+00
1.718024901068617993e-01
1.552814482218052017e-01
-9.100325864706445556e-01
-2.465064655063450016e-01
2.058157851514746672e-01
-3.397754968233516193e-01
7.732981515994925559e-01
-8.214355761923750610e-01
1.738560331659459557e+00
2.290804208472494718e-01
-1.453834665179698948e+00
1.296636939830974722e+00
5.903823304226094582e-01
1.248381220463701480e+00
1.055292677632589521e-01
-1.033769913642581306e+00
1.153511234666110052e+00
-1.262108510377327519e+00
2.140130067731108310e-01
5.084647592672311006e-02
9.720631174056477974e-02
3.313397523622423901e-01
-3.997467650632232083e-01
5.806485020737820468e-01
-3.545792557057312333e-01
1.617650468170390154e-01
-9.332741551463407115e-01
4.578777735888951428e-01
1.599631533262340088e+00
-2.850143199306386932e-01
1.055180581498321724e+00
8.167824466684086016e-01
2.287550203592509657e-01
2.557832400610318691e-01
-1.294801793442804883e+00
-2.792208207597450254e-01
1.801066009139763668e+00
1.062970534044966886e+00
4.425581804746523407e-01
-1.266071286438697208e-01
4.516482047752695683e-01
-7.347503083259736556e-01
1.515698486522506216e-01
5.270154184323686541e-01
-1.627419340307549311e-01
-1.024812207751870430e+00
-4.095884271237624219e-01
-5.867486890712563241e-01
-1.012747181734355406e+00
-1.251442354258285983e+00
-4.061221957057052356e-01
-1.175248966941358608e+00
-1.720141762236836458e+00
-1.099428793263088844e+00
9.001278427473030641e-01
-1.084409993327587696e+00
-1.928097581174345265e+00
-1.346100182752080654e+00
-1.110931794971813241e-01
9.935890449562423399e-01
1.285513019155609449e+00
2.155929980454263983e+00
3.248773528768693353e-02
3.630803278057436745e-01
3.206578626781953489e-01
-2.908637042874757661e-01
3.439399230825628817e-01
2.823139166119540897e-02
-1.899390966006825776e+00
-1.908319165835151709e-01
3.038907011669421399e-02
-8.392771795453703998e-01
7.073429854580662868e-01
2.557032530220207378e-01
-4.493928763401971449e-01
3.338784417697890361e-01
6.829912586888046144e-01
-1.020799375887762039e+00
-1.263189170569848807e+00
1.185637008039868157e+00
-1.700512970657823475e+00
-1.885757620542031887e+00
5.342318279207485254e-01
2.562281023643042666e-01
-1.786621373062945661e+00
1.927811649939650041e+00
-6.159693206913586794e-01
-1.234109050682992592e+00
6.751029534348043093e-01
-1.401995602907529559e+00
1.865484270440198822e+00
-4.961035706136498469e-01
-1.959121232698642689e+00
1.679470956752501687e+00
-3.985414649072103743e-01
-1.946351797211698098e-01
-1.592661708166693169e+00
1.178441199811105067e+00
6.369357138306518396e-01
7.037976643414980416e-01
-2.075727793420962364e+00
-9.804272631726718146e-01
-1.446248216108154017e+00
7.334658068493873362e-01
-9.607482860238436562e-01
9.634179484496520063e-01
4.984891482086140080e-01
-5.019800595120372799e-01
4.694512207495783462e-01
-3.972542159630597647e-01
1.944759041960509860e+00
-6.867744352959557208e-01
-1.498599752072591773e+00
8.079875351138995354e-01
2.006311868492062778e-01
-3.323013899048306058e-04
1.175490678541317724e+00
-5.676991234749489967e-02
1.194593389315249388e+00
-1.926553342782990619e+00
8.319599135688865443e-01
-4.883646316648346808e-01
7.693136760643367600e-01
-1.339689302659025305e+00
2.919513100846174991e-01
-5.226471887010503137e-01
-1.321461629692915585e+00
1.485625159123825867e+00
-1.790370960834853253e+00
-6.477157131660727929e-01
1.536520962830232109e-02
1.372146286567274442e+00
-3.812965403830494426e-01
-2.596223770598914959e-01
-9.370718611578571222e-01
-1.177875109451504532e+00
1.194181114937219679e+00
3.135346955971332505e+00
1.596058775558737874e+00
1.122983966074668549e+00
2.580942667485754405e-01
-1.592075578357441401e+00
8.545718822823544780e-01
7.183218594522103873e-01
-1.103520515016402914e+00
3.568771411886668132e-01
2.639940752718684669e-01
-7.435997513534091663e-01
-8.776861676410075974e-01
-8.659759894175472761e-02
-3.428878681313751731e-01
1.418044595253661333e+00
1.531434382759960522e-01
-1.020272446746526507e+00
7.191855960413480464e-02
-1.238599085343644379e+00
3.641723470124480500e-01
4.111279355000709845e-01
9.126259742110722772e-01
4.611205640608174727e-01
1.727754535173140038e+00
-7.828211965683649076e-01
2.055923500255750769e-01
7.061795592145450051e-01
-2.646980363725229268e-01
2.767380509389688825e+00
-2.138027626780173163e-01
8.305763321522341425e-01
-5.783295465977017491e-01
1.239754712026585326e-01
-1.381737392314545954e+00
-5.511486547075676867e-01
2.008667570844781536e-01
-2.139704037611417142e+00
-8.791689714729392646e-01
-2.427226817961539440e-01
-4.602840233464735586e-01
-3.945199278419461164e-01
-7.633769804095354994e-01
-1.193570907087980526e+00
3.586976533842918258e-01
9.690177805129814859e-01
5.090961517830507876e-01
2.288937840002251534e+00
7.545409039760879732e-01
9.774742011034350808e-01
3.840263294247474035e-01
-9.892002368594473571e-01
-2.997695044731407688e-01
-1.131803796729301759e+00
1.173595799997209754e+00
-9.261820608415253231e-01
-9.003693593331938416e-01
-4.227992448891538801e-01
6.832242896500932972e-01
-2.574228852214751062e-01
-8.669364590099747359e-01
6.281705954652679891e-01
9.814177910277838146e-01
-9.381163039219410082e-01
-8.879327998996620064e-01
1.285266331654012273e+00
-2.219576645473702037e+00
-1.920948871099349420e-01
1.370508379860775783e+00
-9.652189580351564491e-01
1.648587665890404175e+00
-1.455065467636208476e+00
1.476313401239405243e-01
1.782291848992850314e+00
-1.471544541096789227e-01
-1.025991060040510217e+00
-1.441955325756240913e-01
-6.448202380819809121e-02
9.765412233285146737e-01
2.582025221323067665e-01
9.737998196578214749e-01
-2.115914307745078382e+00
1.138820344608327373e+00
9.503212892744175022e-01
7.500877687085508172e-02
-1.199834792305980447e+00
-6.388402046263912393e-01
-1.410501562665824382e+00
1.171231750188839627e+00
4.484827112302828822e-01
3.940751761202934689e-01
1.074185694809551173e+00
-1.899644560969236118e-01
-9.891559029224908928e-01
4.769323645054974192e-01
3.084693502266223630e-01
-1.110594875002687720e+00
-7.847563692472677710e-01
1.024261865866326282e+00
1.098918077194025733e-01
-4.244349001172000313e-01
-1.233187692455034901e+00
6.691760944831566249e-01
-6.278752244239502733e-01
-1.629887573073150131e+00
1.511219469656966075e+00
1.668906626115062242e+00
1.456425100010919182e+00
6.146619667682673427e-01
-4.877152143300146903e-01
-1.309577638766273200e+00
2.519474041447441470e-01
3.651085143086615359e-01
-3.276762699191233530e-01
7.861430959343529423e-01
1.528894544193731164e+00
-5.987297042552531812e-01
-1.493488660353066377e+00
-6.955850340665560294e-01
-1.088710873426012249e+00
5.761420861469436216e-01
1.231120452882268797e-02
1.350478716058769457e+00
1.714578799351597072e+00
-4.122732741216918462e-01
6.218841662738232579e-01
-1.337063888703986514e+00
1.965416026100356373e+00
1.656837472676661260e+00
-2.549128256523823133e+00
9.079790691130101843e-01
5.396148544370602540e-01
3.768393827777875016e-01
-8.980360068489169345e-01
6.989116422620844649e-01
-9.605513802544511925e-01
-1.031256320348436173e+00
-9.975374721348042595e-01
3.479218149967560070e-01
6.827125106057818638e-01
1.178842148856046740e-01
-4.784636956272823594e-01
6.636874260692715577e-01
1.068930818770611690e+00
-1.259493618454737396e+00
2.499092263617252563e+00
1.518523336115830569e+00
-6.209995503789249582e-01
-6.259818633659731679e-01
-9.501436418976560994e-02
-2.522747340250725223e+00
-6.694380872550049766e-01
1.122699718982603789e+00
2.233120246444545987e-01
9.913242930995959101e-01
1.763918747659937447e-01
-1.272661139881953174e+00
-9.295373570693026277e-01
2.758995153828623259e+00
-4.592486140537495043e-01
-1.165746955361264936e+00
9.791977029733962556e-01
1.927617497036424876e-01
-1.341654525642355766e+00
1.597606693359075736e-01
-9.071303683781660812e-03
6.253250239597061277e-01
-6.784034295737710885e-01
1.088117171104501235e+00
6.362726167959068535e-01
-5.723356854603578459e-01
1.234542507682659940e+00
2.254357114872009293e-01
8.574947484528021580e-01
5.144132237720623335e-01
-2.693930078380724069e-01
5.197020466791928139e-02
8.056518071559605199e-01
-9.142444353601737461e-01
1.044691414076025504e+00
4.948526195834842233e-03
1.508187325403498757e+00
2.574975527701861000e-01
8.430936645330793233e-01
-5.539572727447353850e-01
1.744850637611152500e-01
-1.466017124064664223e+00
-6.536759250230075313e-01
1.345508810712528369e+00
-1.544927453520124061e+00
1.228898371481559781e+00
-2.182814674645768172e+00
3.298003795439486407e-01
8.076690260023233758e-01
-2.220353328385965830e-01
-1.528458250144875130e+00
6.497133401930346164e-01
-9.628952310761690336e-01
9.703631495942949270e-01
4.717772268992204143e-01
1.784291205292290183e-01
-3.637558358024329808e-01
-1.628547251168397381e-01
1.136903635606182350e+00
4.765259577111695122e-01
-1.612069632348208437e+00
-6.039239234568445358e-01
-9.333530758873697097e-01
-7.127035597992947835e-02
9.128141596812179293e-01
-4.963887093662288086e-01
-6.005853084349002113e-01
2.207260073357799168e+00
-9.412186163845546183e-01
-3.187518404728520438e-02
1.835852618792631619e-01
1.445144652212748904e+00
-3.116090671176223736e-01
-3.895291967094085539e-01
-3.987896542646602871e-01
9.412759297794378588e-01
5.792062488965580291e-01
6.900142910425758336e-01
-1.269676964820476255e-02
1.103456554649434374e+00
-1.095189548159519077e+00
-3.326632429154045556e-01
5.467027565415315538e-01
-1.136552696163678711e+00
-1.667853788516675984e+00
-1.301272694781772765e+00
1.093981357630389395e+00
1.070379915094356704e+00
-2.989444852318232874e-03
1.602960616019444062e+00
-7.537098347912360996e-01
-9.763099589561892167e-01
-8.311272601359894763e-01
-1.692928972280984601e+00
-4.285600847678860958e-01
3.541752925814836139e-01
2.061380648716280850e-01
-9.212440843548691527e-02
-1.723572779142209743e+00
3.887679429244020879e-01
4.997108232048844689e-01
2.938984789582425178e-02
-1.028415374385977632e+00
6.359750648355629865e-01
3.379493534759136358e-02
-8.388594211850969318e-01
-2.191962559639496266e+00
3.905608685006955461e-01
-6.591905253612219129e-01
5.541539442154597150e-01
8.028888109883423052e-01
-1.666153594832082030e+00
-1.619252434115312278e+00
-2.471960223481526053e-01
-3.553831358597424606e-01
-5.672794129004502528e-01
8.198016758350926692e-01
8.993723748729239853e-01
3.103985195430440935e-01
9.515537659334881715e-01
-7.871799543620994211e-01
-1.964020325233563624e-01
-1.245900977505421725e+00
-8.825086590928660213e-02
-3.603491120290933658e-01
1.539784789609167925e-01
1.435187962368505321e+00
-1.867853175239573948e+00
-2.421029412292521776e+00
5.295707225363320836e-01
-1.109427990326873115e+00
1.892820866242359845e-01
-4.001012946047450280e-01
-1.118514492058494680e-01
8.191164927846071864e-01
-7.144434123108017731e-01
3.689683061430311106e-01
-1.818654829936751760e+00
1.242067299494332804e-02
-3.505544306545024802e-01
-1.109388441465107844e+00
-1.352743204147625056e-01
-6.983715880918828223e-01
1.218711151898286132e-01
3.095092598449792898e-01
-8.557784875653843271e-01
-1.476699168598905487e+00
-9.855636727503971906e-02
7.832270652149849743e-01
-3.747877243418220594e-01
-5.222154948474276859e-01
-1.349696341402824462e+00
4.178202984118070118e-01
1.809547560694146684e+00
1.312633511048682644e+00
-4.349302274244317701e-01
-5.317615505805491916e-01
1.834728333346840268e+00
-1.710018301461452728e+00
-2.256897407174331516e+00
-2.137161607323892820e+00
-4.673516254975134676e-01
2.772084381854111323e-01
7.592288166189975485e-01
2.969595301696642542e-01
-6.005154250910997860e-01
-2.299122206289698767e-01
-1.364656953756585578e+00
-9.226131392295230382e-01
-2.982573847332063433e-01
-3.676462600566723360e-01
-2.407037404944007530e+00
1.721315752102769991e-01
5.147336706560585728e-01
1.029444610971741447e+00
-9.997110068747027123e-01
-1.327388062231477761e+00
8.943257786750985483e-02
1.281365197585565108e+00
-8.299999046725462515e-01
6.126338121075293186e-01
-2.082126969224741275e-01
-2.591225314417285319e-01
-2.281730404014867819e-01
1.593405558703496760e+00
1.066998243382082823e+00
1.383461068303646346e-01
7.847346055440030943e-01
1.038781822925338494e+00
4.950673460546505256e-01
6.019320912399040990e-01
2.933979550912747900e-03
4.114614142712309519e-01
1.474996836547002532e+00
-1.112137845091071053e+00
-3.700105707023189638e-01
1.626291649930176719e+00
1.031172835979097702e+00
-8.892802385743858729e-02
-3.725205291669071439e-01
-2.112388116335314411e-03
-7.241848443373981592e-01
-9.436473263804510125e-01
-3.308678929728477436e-01
1.455622628945834940e+00
2.281474366900292927e-01
-3.415004991228177134e-01
2.259323258927501132e-01
9.275047491706657210e-01
-4.542325167054502844e-01
1.302593037554715005e+00
-5.537466379622578705e-01
2.539459953420343807e-01
-8.395135602904723049e-01
-1.722535788641257060e-01
1.770122780933580942e-01
-1.087290945754817301e-01
1.614673604846908361e+00
-7.527831648613853011e-01
-4.641377159056748331e-02
-5.973591449809835252e-01
-1.846683540140459101e-01
-1.411292854988208889e+00
-2.435888067903048126e-01
-2.291915757177467317e+00
1.772757703720485023e-01
-3.262572979646024551e-01
-4.911670519648313471e-01
-1.806030121985935155e+00
4.345389430663834651e-01
1.204755862460605398e+00
-1.678158325103902726e+00
-1.187124483732697078e+00
-2.371470444414570000e+00
-3.549826523777874776e-01
1.962435538800722801e-01
-2.864225731970627686e-01
-3.859778177199444521e-02
7.560676807140549460e-01
-7.048286268299345236e-01
-1.355929505189983786e+00
7.674622969748312595e-02
8.379758022540922946e-01
-6.477693298705116121e-01
-1.468631026846825005e-01
6.547444716072767790e-01
-1.571756133429180191e-01
1.284378637759440611e+00
5.851067324254457525e-01
-6.707626862504948440e-01
3.190764412416601248e-01
-6.328287543254218495e-01
-5.508936980695081642e-01
-1.004210355767214846e+00
-2.487393347873229299e+00
-2.009463405516729306e+00
1.378385893622039005e+00
2.167766006255687425e-02
5.689992984666129017e-01
-7.140439338671966674e-01
-6.693779340184360382e-01
2.273320009174419343e-01
-7.027355398156528987e-02
-1.992124835732483001e+00
-1.378121987721268593e-01
-9.017422561990335872e-01
-4.842978716206949863e-01
-1.275960944210631220e+00
-4.861146509655654424e-01
5.387794881500653776e-01
2.495577375266225528e-01
4.920863065337811038e-01
-1.121668617490445996e+00
-5.239610038953531612e-01
-1.490388667626233898e+00
9.073075776211805277e-01
5.564757133597746375e-01
-5.593423406207441717e-01
-6.197850937469059351e-01
-1.110623458916129014e-01
-1.863791010694994865e+00
7.560064698813573347e-01
-9.579272631157269569e-01
3.564017252350221709e-01
-8.505184002340865357e-01
-9.153918630396603584e-01
-4.492652228617328714e-01
-8.020142359245964192e-01
1.086229581840574276e+00
7.465692549196433214e-01
1.555257920670478355e-01
-2.579692840587476166e+00
-6.304976290019495000e-01
-8.382865654086379958e-01
-6.702897681454506040e-01
6.884339501017915364e-01
5.368180856476001406e-01
1.697019863826134123e-01
2.736781925252993464e-01
1.284125332964666910e+00
3.293208213283155827e-01
3.998941715415287868e-01
-2.845667576836769630e+00
1.355363670333866732e-01
-3.801644377161408905e-01
9.766819123171682770e-01
-3.380402292402607256e-01
-1.395913224793585150e-01
1.903398886502521981e-01
5.868120516022188315e-01
5.375427959992817861e-01
-1.004374983111842035e+00
8.986750677605601645e-01
-1.205652219568501771e+00
-6.467659236775846754e-01
-6.779243199917354967e-02
-4.961940852112207700e-01
-1.594792483232974289e+00
-2.106346877668426654e+00
5.707778727174511735e-01
-1.049785036486646339e+00
-1.262030163392377613e+00
-7.159641592274413879e-01
4.840486189312001586e-01
-7.323008292625941829e-02
8.701848529740769944e-01
1.757539547353513809e+00
1.942102446087756951e+00
2.694752048070638284e-01
3.144449582258277975e-01
-5.404393344874143246e-01
2.178446373254646407e+00
-1.586046426004507903e-01
1.427548000122040861e+00
-9.041967494448863718e-01
9.595749348220961039e-02
9.464100454454052111e-03
-1.040419028888360242e-01
4.322838650032683611e-02
8.985087348853547651e-01
3.674329688300939645e-02
-1.391707115016067170e-02
1.016390567493057118e+00
1.301505956921478798e-03
-1.860917204998195684e+00
9.116162480399938595e-01
-5.200289912289363103e-01
-5.629283568239578095e-01
6.139686907320285325e-01
-8.297687357003825648e-01
1.489180686927491282e+00
4.547314692875568665e-01
-1.635926757112541874e-01
-2.735031997600362863e-01
-4.968592167691145978e-01
1.915001495426614797e+00
9.393924013742276369e-01
1.694784399097279515e+00
-9.004763544231721983e-01
3.416343413788452965e-01
-4.110217638333795720e-01
1.062679472340891523e-01
6.389900124364600309e-01
-4.003777370337140151e-02
-3.078486330144832639e+00
1.242944849326257151e+00
2.509599957279045057e+00
4.265324758135958239e-01
-2.005023995800519376e+00
-1.213891749708142065e+00
-4.921652850554884551e-01
-6.840820403636725944e-01
-6.779344841123516874e-01
1.300131320724130513e+00
8.643618087562583430e-01
1.419576288930320729e+00
3.224794302802545531e-01
9.718187098276991065e-02
1.121184202367143223e+00
-3.429364483921916729e-01
-1.383666248221074646e+00
-8.307237632985764453e-01
8.324099879772798305e-01
5.441503433679978352e-01
6.632840674918964730e-02
3.583094105221540926e-01
-4.838050375617484744e-01
9.476254884056282135e-01
-6.130116291844005527e-01
-1.933668584341114993e-01
-1.092647593200809064e+00
3.489112505087927502e-02
1.607608969230795437e-01
7.015791847539240011e-01
-1.685218221871732869e+00
-4.507763466181133327e-01
6.655308261379955237e-01
-1.338958066604916564e+00
-2.331421448925623252e-01
1.388100542098646750e+00
8.628584788402970940e-01
1.407947396898415748e+00
1.579740777121852735e-01
6.423172567084785012e-01
-2.087226735702279456e-01
-1.282682066408234567e+00
8.606536629262232507e-01
8.265852294214177665e-01
3.415884975683758928e-01
5.761992493540443183e-01
1.717040462979896542e+00
-1.165445929505136702e+00
-5.306502902343424033e-01
-9.937547136773368095e-01
1.093346869623081474e+00
1.295809250153279635e+00
1.980510642017069833e-01
1.169566655107475928e+00
-1.462898942111337253e-01
-3.768888836125605657e-01
-5.029880570858749067e-01
7.964916120287879320e-01
2.382302346033542684e-01
-1.543510936131531341e+00
-7.118185595001043364e-02
-8.765094959992677515e-01
-6.541807693254211298e-01
9.273147301402729914e-01
6.824227946374034071e-01
6.422875493630271493e-02
-1.038652773845623711e+00
1.282900462933986629e+00
1.261366307724687053e+00
-6.109773914536547057e-01
-1.081185494729400620e+00
-1.270038777134055330e+00
-2.789759558788729610e+00
1.767175379322862616e+00
-3.801661273034229183e-01
1.235809323328360132e-01
1.097644421581213336e+00
8.186925011860139989e-01
-1.059359145242437572e+00
9.534779511264294127e-01
-1.024479862799895780e-02
-9.226652743740447471e-02
-3.081616866404763289e-01
-2.238548708153334232e-01
3.219287561830345701e-01
7.367070256376282433e-01
6.601113441580980234e-01
-1.708708271406265355e+00
-9.937961267982767799e-01
4.363193802469121363e-01
-1.014434782491042908e+00
1.311714873267296522e+00
7.830437358786329627e-01
-3.726864152790314993e-03
8.181996793663870449e-01
-5.705893577806656763e-02
3.429881101909676988e-01
-5.415643979475114334e-01
8.577463654691167561e-01
-2.462281785124678934e-01
6.126603407614696906e-01
-1.219836246845057204e+00
6.964124616299297577e-01
-6.775525636416073194e-01
-6.615495859912047250e-01
-1.313317051144036629e+00
-9.309470383022739881e-01
3.982112535030511991e-01
1.097908421992644490e+00
-7.216101947040195475e-01
-7.000890004974029412e-02
-4.067813998415504839e-01
-1.309572600815123167e-01
-7.293919785147495727e-01
-3.895489761258977279e-01
-2.990698828743699189e-01
-1.445150814397528460e+00
7.727186701113832878e-01
4.705780700661104654e-01
-1.010710062169877022e+00
1.199376801388597064e-01
1.751232071699834858e+00
1.219693446587423402e+00
-6.766148286310933457e-01
-1.310708667907917624e+00
8.378146676379696900e-02
4.736801647991943920e-01
6.247616474880737236e-01
7.012570730986437129e-01
8.192075631117338164e-01
-3.655288538759018380e-01
6.423147394387928033e-01
1.218477740358222761e+00
8.998371007260163035e-01
-1.399073881442875755e-01
1.585839011424735157e+00
-9.427284907237504924e-03
-4.872503116743114315e-01
-1.202456489262136163e-01
2.620772241480002346e-02
-3.874043242387234520e-01
-9.009889885526171927e-02
3.390247223188832537e-01
1.064005196560060540e+00
2.426697134484408491e-01
-4.231329820990457069e-01
2.011557229703304084e-01
-1.609379527994362791e+00
-1.080230031426563819e+00
-8.431168433554891983e-01
-1.060756633526203752e+00
5.028002737075151218e-01
-7.600716901411390669e-01
2.956091298107066390e+00
2.859396471370238557e-01
1.617501515346674024e-01
-6.166532411143986758e-01
-3.593707669599776056e-01
-9.969687990433858671e-01
-6.662314324903670926e-01
5.371929422070056970e-02
-1.677914776750123016e+00
-2.266640486604187377e+00
2.505859301278600682e-01
1.803757442946842371e+00
2.730734726539201795e-01
1.199673848177514462e-01
-1.640743741772835662e+00
-1.225146206390711479e+00
1.090026321667726394e+00
-1.727529901250702382e+00
1.840718528865725040e-02
-4.068283410791797561e-01
4.342015356931294701e-01
1.355889920592700193e+00
-7.078702306680378920e-01
1.341721644413824688e-01
-5.032192020585221082e-01
-1.267596200041048116e+00
-1.169634722251593033e-02
-1.516439015559855275e+00
-8.596008495833987184e-02
-3.443273158126570754e-01
3.408283746412847370e-01
1.978084535762242302e-01
-1.850880759604535686e-01
-1.187760007320113997e+00
-6.554028925310396714e-01
1.268162749745697371e-01
-2.498564104567004840e-01
7.095465375334449876e-01
8.555785309316679688e-02
5.790297766457741524e-01
-5.518023605151915756e-02
5.138743722207779197e-01
-1.034898301593768721e+00
5.614792672550358299e-01
-4.051426000316601245e-02
1.832565941585240665e+00
-5.659567305889553479e-01
1.848399600195099302e+00
-1.004923626841355055e+00
4.939612768173697738e-02
5.001509532216127374e-01
6.435685435963586221e-01
-9.908329498998335039e-01
1.529023030057894417e+00
-1.201874077235861871e-01
-1.237743619058965017e+00
7.505454959127750847e-01
-1.385944153428969150e+00
-1.257830531836359907e-02
4.806565036400075597e-01
-1.350839416192053166e+00
-1.167584745785454035e-02
5.814901134835609442e-02
-1.376955013660865923e+00
-6.056267060082871218e-02
6.525315178757841277e-03
9.084433284780775164e-01
2.175445793272500872e+00
-1.277710720883605822e-01
2.725691934021253537e+00
-9.306123809443102024e-01
-9.040434724562652624e-01
2.486344591089638123e-01
7.433497930809119802e-01
8.065904739255089773e-01
1.644355826215526950e-01
-5.269112908281901042e-01
7.049748055349643883e-01
-7.327932538059734879e-01
4.130567751465211712e-01
-7.502775817135466374e-01
-9.457268396240094965e-01
2.158307334387198906e-01
1.976124580109121620e+00
-8.269147973975965460e-01
-7.343013017856317992e-01
-1.505554867950961384e+00
1.033062297444487188e+00
-2.165766610381805179e+00
9.090654882881689103e-01
1.074172536632129971e+00
1.467018132770986139e+00
-1.252176050627752169e+00
-3.093592167691145423e-01
-1.018160469806057289e-01
-4.826424166933295234e-01
4.077400601403832203e-01
-2.251296462065155157e-01
-1.386807518866463862e-01
6.298819473638193056e-01
-1.556362907036081822e+00
-1.841519935342737169e+00
-2.075406612063432354e-02
-1.382811371641108789e+00
2.163666776263823532e+00
1.015548976258444425e+00
-3.244835368464811243e-01
-1.310602155347698472e-01
-1.838982928528545557e-01
7.880690079075508558e-01
8.230450446300393574e-01
2.296749559649419736e-01
3.198809991827004651e-01
5.402932991546272046e-01
-1.204284274818296085e-01
-4.460318020389645866e-01
3.049751673834579790e-01
-1.761647135768465988e+00
-1.394850469677065163e+00
-5.655182687042680234e-01
-1.833158567290608665e-01
-1.526722455725240346e+00
-6.513918486550183129e-01
1.955629973871568339e+00
2.510128975018346368e-03
2.590078867579266308e-01
-1.849317207480101422e+00
1.768708304760519545e-01
7.743411408581578614e-01
9.117961720128936465e-01
4.064941979450121812e-01
-1.572018263191912457e-01
-9.127303693791407602e-01
-7.784067397074424521e-01
-7.708793668911642083e-01
8.014704118462253613e-01
-9.602278532775228026e-01
-4.620259335660338307e-01
9.540109538178243032e-01
2.241114699119955755e+00
9.744107769125504026e-01
1.628419363453024182e-01
1.474394345969771924e+00
-6.459575599937563695e-01
-6.200783918978171050e-01
2.477417887575106715e-03
-7.734011554800696020e-01
9.839669800921781173e-02
-8.209340929625073835e-02
1.124299957543626549e+00
2.743696153004770433e-01
-8.338888745578638684e-01
1.349289962352686834e+00
1.806091171455918576e-01
2.700086741661089085e-01
-2.011551507105624026e+00
5.810074638846404183e-01
-1.931825912012601065e-01
4.065309754107803153e-01
-6.269271327222788459e-01
-4.338330863887239208e-01
-6.194646839782999015e-01
5.524319251805658304e-01
-2.249535729357796388e-01
4.640974262956364810e-02
2.234004473425904358e+00
-9.081224584645082309e-01
-2.498220754072507516e-02
-4.731195326752772878e-01
-3.247102976049497380e-01
-1.017634022629463564e+00
-1.134479651941609157e+00
2.590431298740020205e-01
-3.423689907483242201e-01
4.193150939349590822e-02
3.083597789832585173e-03
9.861895179150846624e-02
-5.487381749734756425e-02
-8.959874672105526683e-01
1.636367501234370803e+00
-2.829907526857191602e-01
3.641545124436676995e-01
-1.498117851317645188e+00
-1.814194721250257658e-01
5.076436290428832931e-01
2.487033878776022666e-01
1.820995593295353210e+00
7.119423998946151633e-01
-6.922831723727449482e-01
-1.122987834037457722e+00
1.501569363467886720e-01
-1.539843376030999023e-01
6.080337645700800708e-02
-1.254644917164302043e-01
8.587271194906379579e-01
1.293063284123842971e+00
7.477324703997692557e-02
-1.551831628208840463e+00
-7.477670370600142391e-01
-9.219578530137512162e-01
-7.379864598208690785e-01
1.540922060428602247e+00
6.123687273868851921e-01
6.327836681342092762e-01
1.405111532705777933e+00
-1.262821592230088663e-01
-1.988039840649732659e-01
-2.882379589463556213e-01
-3.261823046711507246e-01
-2.729056076959174071e+00
5.126040552489391500e-01
2.867853952143373242e-01
-6.682072993747963929e-01
1.139321721042056756e+00
-1.140188780091485166e+00
-1.182210723106482453e+00
2.392787783769219079e-01
-1.114103617567257620e+00
6.650245656482607348e-01
-6.130950769651907217e-01
1.947730951953999590e+00
-1.568228499904789519e+00
6.650626420313054954e-01
-5.474763880132007543e-01
-1.342792967574998997e+00
-1.606725738303868223e+00
2.662242993173633693e-02
1.042554109620320801e+00
1.724135266614482243e+00
-8.162029165219387705e-01
2.959889166723094212e-01
1.535702591699625585e-01
-1.710942746286199689e+00
1.477412301062520084e-01
-3.684118819072840001e+00
-2.058318103640631946e+00
2.131301752351762169e-02
-1.114907322171343917e+00
-2.568524131248137166e-01
2.455759559618527210e-01
-1.141955015554145358e+00
-4.403059639704638428e-01
8.098919993205710988e-02
-2.676810219556730597e-01
2.942633121504226068e+00
-2.348062566159311859e-01
4.810687548116498458e-01
1.847178328215514087e+00
-4.225167178760522724e-01
7.320683906414487963e-01
-6.577955720316523980e-01
1.327990175309546328e-01
1.228080164993671231e+00
3.728710234792499967e-01
1.705265740807097474e+00
-3.887786909229357102e-01
-1.264591577365563824e+00
-9.765166328388220907e-02
-4.102283232310604544e-01
3.930456958012041313e-01
-2.652400886763621735e-01
2.142318443105596937e-01
7.226777533600211578e-01
-4.312585499657862753e-01
6.602503798396222034e-01
6.704069669279468791e-01
4.127114630054192768e-01
-1.133931195608882669e+00
5.908989810599992731e-01
1.009682531130990712e+00
-1.023876671559936558e+00
-4.566466795235260556e-01
5.646039661133562815e-01
-1.845512444912474903e-01
-8.047830909080452289e-01
-6.246802091716496808e-01
-1.890657405316677198e-01
6.310122264125855862e-01
1.624525276853466593e+00
8.950484942224364859e-01
-5.654236581089734370e-01
-1.265525987928673102e+00
-4.054546813999043708e-01
-3.052634690936631978e-01
1.448432468652473881e+00
-1.921882337184684653e-01
7.869948217020006354e-01
4.038441858192493572e-01
-4.889212558970832956e-01
-3.459283933716227888e-01
3.944001796973136131e-01
1.183168342416812235e+00
1.125152858795668509e+00
5.149627887964286499e-01
9.149371085592507280e-02
6.544151269431863760e-01
-7.012624029424848748e-01
1.160250262213113448e+00
1.087532143302027521e+00
8.028909048734297338e-01
1.299524162852338405e+00
-5.754604875384724538e-01
-3.082549998363026331e-02
2.017718227426197608e-01
-3.167309473597012537e-01
1.310022374457583849e+00
-2.470376524799803020e-01
1.196745658456611405e+00
1.646893604546020295e-01
1.141028920776768540e+00
-2.135086130695651896e+00
-8.630798575710947329e-01
1.928210837007759526e+00
-1.876049930414487588e-01
-9.165295180093023797e-01
-9.760290671850299082e-01
-9.468842582878616021e-01
5.597402358952948687e-01
-5.974964246137671742e-01
-2.021072338754620612e-01
4.415274563274065311e-01
-1.095916222480016883e-01
-1.121700204773347531e+00
-9.664002233914916751e-01
-1.128258382453583841e-01
1.774655698495544442e-01
-1.572289325840149132e+00
-6.015700581183848206e-01
-4.532835873455986486e-01
-2.021877526496017374e+00
-9.871788665216347791e-01
5.696780482794641109e-01
6.174457468371619129e-01
1.938122195253617619e-01
1.401590915115794145e+00
1.655136872092283218e+00
-9.261369790833611226e-01
-4.723903644629805221e-02
-3.227182952853528963e-01
-5.038245873878536285e-01
-1.346004577463408403e+00
1.449434286821733364e+00
-3.758196989753349038e-01
2.835099243479929365e-01
-3.158903736549914520e-01
-1.201210441917946126e+00
3.766278088672317392e-01
1.521265623349661311e-01
-2.834596383031974809e-01
-3.396893026590251941e-01
8.309774949965029744e-01
2.200998446288170707e-01
6.025981180132398141e-01
-1.812407617218039890e+00
1.061543071409144279e+00
1.076232818667222091e+00
-8.306752710621846392e-01
1.461267526127170813e+00
-7.200193508580118307e-01
-9.856163981164227650e-01
2.973955658088308640e-01
-5.325839762641580988e-01
7.536397613640630766e-01
1.395830329791488411e-01
-3.369116716573761217e-01
-8.002610644435187437e-01
3.559162239012095830e-01
5.248691930409130763e-02
-3.806602573306237629e-03
1.438845521486842749e+00
6.876172195794546527e-01
-8.192849985439394356e-01
-5.953161028730400428e-01
-4.514079389695765387e-01
2.943330459749832206e-01
-1.149354105553575867e+00
1.068430255723524930e-01
-2.609570445914110692e+00
4.552146000139335236e+00
2.254861283164868890e+00
-2.220950003293986341e-01
-3.170752034744065417e-01
-8.213777945212213938e-01
1.405064111963472806e+00
1.473525854734507590e+00
-1.281973377445068785e+00
1.454120669328324400e+00
1.719263310909366904e+00
-1.478705652571165707e+00
1.979691110235905216e-01
1.080606867699082131e-02
7.162126334525916738e-01
1.036729334555419824e+00
-8.729836747825834298e-01
-8.618867021510918658e-01
8.744983000500129722e-02
-6.734159694526025142e-01
1.682009384483915682e+00
1.344943572533968679e+00
-1.230307970441058441e+00
8.710357332283854559e-01
-3.714605040500805755e-01
2.624639463641930126e-01
-7.386684143394132152e-01
3.678518846167719292e-01
-1.009565550118524779e+00
9.756790568270946873e-02
9.652368969446619706e-01
-4.310028832559295031e-01
-6.225083749213788931e-01
-3.924468819566416800e-01
1.088071597594147732e+00
-3.076301986594799920e-01
-1.843097649487974499e+00
4.214318625803009088e-01
7.059324031695729529e-01
6.510841538123675054e-01
-5.827682136719273265e-01
3.622835321655862306e-01
5.035698035045063081e-01
-9.166166866060659890e-01
-1.811905997098507415e+00
3.711784956640082900e-01
-1.529328163341935998e+00
-7.615078601048337337e-01
3.442593566199783073e-01
-1.316501852921231862e-02
-9.480516877681851584e-01
5.404161724102762854e-01
4.425881910145967879e-01
-9.011451950949496137e-01
-2.301407068684431789e-01
1.006482804794543995e+00
5.551878526913999190e-01
7.310144351616808533e-01
1.058061638506022417e+00
6.836574588325626811e-01
-4.443409252753740407e-02
-1.067225767948619009e+00
-2.527650449755390327e-01
8.444375458004779178e-01
-1.415942291626449467e+00
-5.295436676705965739e-01
9.619123348842856247e-02
-2.718692444501113470e-01
-2.284301328702793565e+00
1.730199838621020447e+00
1.510505526422558420e+00
5.020727759812091406e-01
1.132684095676050662e+00
-9.667427251151715639e-01
-1.791566973374115468e-01
1.501102545439412461e+00
9.984841470465283253e-02
4.769346720998073330e-01
9.940259590550060143e-01
7.561168011130989797e-01
5.036519604053201205e-01
-7.225818685357382476e-01
1.343609094756507416e-01
9.837583775049979495e-01
-2.737974340699202425e-01
-5.839132872021131071e-01
-1.374206474795508504e+00
5.040767604035419902e-01
2.213431212923615554e-01
-7.337891386916673975e-01
5.001919675541766086e-01
-1.600951046325163885e-01
-1.381663257427276185e-02
1.363541401722199176e+00
-1.604161712011591967e-01
1.016238017294390339e+00
-1.467682553549235491e+00
1.097157633079769712e-01
-7.569324394612669815e-01
-4.831419680820712159e-01
-2.163945441937307479e-01
5.270211126835459003e-01
-6.437880161382810718e-01
-1.125942439555940755e+00
-3.595619933835635385e-01
-5.206775830167643948e-02
-7.883890734284854096e-01
1.343860362625771909e+00
1.823974539262367967e-01
-2.228039851693257578e-01
-1.450845856001914402e+00
8.396595884787462216e-01
3.100861317210709678e-01
-3.684921302066480053e-01
2.801423099893902258e+00
-2.470802246975977723e-01
1.046476697855411198e+00
-1.217504246945956270e+00
-5.040262994531855556e-01
-1.181946700318032173e+00
2.871974882145015839e-01
-7.029742478838721942e-01
-1.136101562661265829e+00
-6.164890708380150741e-01
1.692363558155821845e+00
3.221423392978606248e-01
-8.633248616485957871e-01
-1.762822372969736096e+00
-5.755319283994185867e-03
1.319382087920208058e+00
-1.926293999692734460e-01
-1.750556754426709216e-01
1.142099631300408646e-01
-2.097582170530580825e-01
3.739130912658570338e-01
-5.960296988319227496e-02
1.052263486239043644e+00
1.500045823934291311e+00
-1.996163464062230553e+00
-2.482129672115591656e-01
2.395757468302577298e+00
3.066416011290026486e-02
6.468727698251276470e-01
-1.853355257647982368e+00
1.169188080321956313e+00
4.534936484855710548e-01
1.879587309217506608e+00
-8.336469817141649308e-02
2.072069611781243825e+00
1.494213920558285613e+00
-2.829366517011265916e-02
6.763205702960061183e-01
5.168264016349827239e-01
1.678567263984043212e-01
3.789763949729176851e-01
1.838786323271953460e+00
6.269553750066001463e-01
3.615125342334618019e-01
-1.158250714678299431e+00
1.156282639879761126e-01
-1.084834727225370415e-01
-1.496125493305380028e+00
8.761134721706699269e-01
1.213304686871805593e+00
1.820595310317233873e+00
8.455234453453367438e-01
9.750993095837412472e-01
1.054147277633376012e+00
1.516701040833148273e-01
1.501554001101510494e+00
4.336637444066390734e-01
-2.016299673028794370e-01
-6.346565926304825744e-01
1.402972609006917670e+00
-1.182174751525655321e+00
-2.352913255823424199e-01
-4.666394521176328025e-01
8.807389241014642600e-01
-1.161037539418912301e+00
4.084284033162710048e-01
-1.449483907940884775e+00
-4.531368459031440143e-02
-1.492196650566575133e+00
-1.512929375894471073e+00
4.335542248194572124e-01
4.582002458482599683e-01
2.651759930966036904e+00
1.045075093527022547e+00
-7.289008003247197109e-01
1.526044017247558449e+00
2.032507822792282592e+00
-1.684286458792866592e-01
7.017152311758326766e-01
1.365113531053457008e+00
5.506483066841652008e-01
-1.678634633130569043e-01
-3.874819445779429383e-01
-7.117959442750455556e-01
-6.837569879743388146e-01
-1.939168053732515627e-03
3.381353086902760818e-01
-8.969600501309445972e-01
-1.398059964426071888e-01
-1.483311044657832811e+00
3.129884957824007486e-03
-1.238969127817237892e+00
-1.172368255408793025e-01
-8.314207024143385749e-02
1.416813683439486882e+00
-1.250103111100678843e-01
-2.917648613806194113e+00
1.930662995834468154e-01
4.980455508847189128e-01
7.709342111344966719e-01
1.844845924899359280e-01
4.018016930059589709e-02
4.059109792739838962e-01
-3.772943132845263947e-01
-3.969166905755637798e-01
-1.929672899179072088e-01
1.448601912271593184e+00
-3.379551036719280477e-01
-8.863631778074735346e-01
-6.308265686030674058e-01
2.999006750183213499e-01
-1.404137359631016491e+00
2.223286171983151593e+00
-1.380310815740334041e-01
4.861359120657514632e-01
4.393545641642719879e-01
-1.857916296730177885e+00
-1.162587260930712629e+00
3.535807179842933579e-01
5.092714826328986755e-01
5.719374982823050707e-02
-6.834639870473325773e-01
-8.697297598417758069e-02
8.828946380331706978e-01
-1.223706974044575513e-01
-8.529367763017502158e-02
1.434567121072876761e+00
-9.531554958740440231e-01
6.264014779644204722e-01
-4.862306312760514282e-01
-2.762661581631157826e-01
1.225121959901024127e+00
1.792424699325091686e-01
-2.279930425525495200e-02
-1.587159758543113641e+00
2.492331331922640114e+00
1.620613604898215376e+00
-1.458509649632029337e+00
1.556794334285928727e+00
-1.455511308351851607e+00
-3.833598649583058737e-01
-3.538860189498163056e-01
2.292235950439979852e+00
-2.038818092062166798e+00
1.077318215560772341e+00
-2.680928653135431494e-01
2.000939214620849338e-01
1.887366067554722138e-01
1.504712616977037509e+00
-1.938413839107928638e+00
1.063682995635474970e+00
1.146975726683580277e+00
1.211960619918393878e+00
1.360226828939803123e-01
-5.478760751270964624e-01
3.952730496251171677e-01
2.059962975888228520e+00
-8.061050600399509436e-02
-5.049971834181509189e-01
-1.437975130884422859e+00
-5.620707445345972664e-01
7.564777042717401034e-01
-1.576892642391200638e+00
-1.502370593966806167e+00
-1.231524215082200779e+00
2.433185867787947265e-01
-1.734476220138986502e+00
-1.046694371360771036e+00
-6.272510670241371322e-01
-1.381096167699133459e-01
1.108985042985152353e-01
-9.317404718921876716e-01
-1.635325400970422782e+00
2.840066702699926005e-01
-9.970580951195898711e-01
4.097720920125474398e-01
-2.546874304921311061e-01
1.295984187360505580e+00
1.401049281364018295e+00
1.514882098679438904e+00
-2.653825352736020882e-02
-8.323453370217200886e-01
5.493726376025823699e-01
2.730535380730802486e-01
-3.605175820023452382e-01
-4.315067090306444197e-01
7.807142246781664796e-02
1.155164773337105988e+00
-8.920855448769193785e-01
-2.425332174620880465e+00
6.060492396809505911e-01
-2.345328944464564636e+00
8.353303753199755599e-01
4.682944956345781451e-01
-1.528869672003881422e-02
-6.597365911348669343e-01
6.430313365449409346e-01
1.040471014067503530e+00
-1.909749350463242346e+00
-6.227834501904028208e-01
-4.864249295148209140e-01
-5.115402007869072065e-01
-1.612407242797878393e+00
1.743256813901349789e+00
1.204834899918385327e+00
1.886971669564952325e+00
8.997941433384223364e-01
1.595294608433094757e-02
7.354614901730231746e-02
1.575604482123562633e-01
9.807026123975713938e-01
-1.351316965236106782e+00
5.611257571511198972e-01
-1.169953388402327432e+00
9.556337121920036592e-01
-2.036913034691722676e-02
2.743521176496216629e+00
2.267513058508719759e+00
-2.457216529442538544e+00
-2.275964675634944090e+00
3.057587777927201281e-02
9.272881041853981987e-01
6.664919347643423475e-02
1.072019319731929876e+00
4.202822651129658471e-01
2.957468449007019662e-01
3.694349313518625610e-01
-4.739326783967648393e-01
1.031459659134526419e+00
6.858772244033737309e-01
-1.952430450630222025e-01
-1.033398063092586305e+00
-1.364039568838025240e-01
-1.762107105595754675e+00
-6.786262303775003613e-01
-1.544207287504200776e+00
6.213233513304055045e-01
-1.353672824524231766e+00
2.724773655759250790e+00
1.458662827104233006e+00
-1.837536605107609466e-01
1.356685573031835568e-01
3.520390737132871040e-02
-5.248953632201104336e-01
5.882231032498901335e-01
2.055867724229341886e-01
-1.457364724068627160e-01
1.933268035317516897e+00
-1.103738438321891779e+00
1.501355620112349021e+00
5.504495828186352080e-01
7.516625842398837465e-01
1.035697174806521792e+00
1.487807210189771023e+00
1.162215111274824242e+00
5.169369015674086798e-01
1.684206582518753104e+00
-1.548031026895062778e+00
-1.261208777038952844e+00
-1.158391457405307801e+00
-8.533737578913407340e-01
3.714620513458512518e-01
-2.637872872000421864e+00
1.039871376936380154e-01
-1.179841719163385039e-01
8.087795365366814426e-01
1.616706017337558032e+00
1.108664936279252639e-01
-2.809810541307912413e+00
1.561194202057554881e+00
5.602115724585379208e-01
-1.489208349739925996e+00
-1.290787617840984669e-01
-8.895019338330510950e-01
1.011844845216536060e+00
-1.997934703643380550e+00
-1.110863600139593288e-01
-6.278181199882733043e-01
9.938963216038946280e-01
4.952883525214901161e-01
-7.752852265615947647e-02
7.183854190457849009e-01
-8.773695684743871848e-01
-1.261368265602872629e+00
1.753406837269514185e+00
9.681831226772297239e-02
-1.304864923486671824e+00
6.615410821518344191e-03
2.051561770386735706e+00
-2.129817897968512286e-01
-1.604110617536579575e+00
1.006411187144299557e+00
-1.729575146119149281e-02
-3.115809612355032732e-01
-1.557422577578574663e-01
-9.039638084541518070e-01
-1.203863576678121605e+00
-2.520574235523870943e+00
-3.102583567240642659e-01
7.222680678370796414e-01
8.628709098493791974e-01
-1.574280426705186864e+00
-4.076867086690555420e-01
-3.129088972367880667e-02
2.195549958455935424e-01
-5.305707980166309845e-01
-1.374819822118274804e+00
-1.223696125556539060e+00
2.689991479329892687e+00
1.264679771996548352e+00
-1.681163108959256247e+00
4.564522782772573173e-02
8.419555681550743298e-01
-4.435592121446766956e-01
1.495521991409973994e+00
1.639200897349604613e+00
6.212659009896095430e-01
1.347050221558432348e-01
1.071293294034371346e+00
2.613297476283911180e-01
-1.401141230449382657e+00
-1.247273202938236292e+00
2.398284731799623648e-01
-3.637456546380918865e-01
-8.256085907654050482e-01
-6.170352542710673127e-01
-5.918814814718312833e-01
1.216076928205644059e+00
-5.317971739449152135e-01
1.187570620829645707e+00
-2.963032704951003293e-02
-6.039756612826743254e-01
-9.182626329248254615e-01
-1.483226729244895514e+00
1.404717412774773022e+00
-1.275595872565499889e+00
1.063060843837597247e+00
9.317777166455115667e-02
-1.431239468224036360e+00
-7.647129385042121356e-03
-1.539643831234210336e-01
-1.454444535591473686e-01
-1.486887611065818293e-01
6.164045706020137017e-01
3.802062554693640406e-01
6.406629339649666521e-01
-7.312787228476600454e-01
-6.999981125574177288e-01
6.676746840614546930e-01
5.184736498738005128e-01
-1.564804094281941671e+00
-1.368663908119467143e+00
1.188953301221649772e+00
-1.317458010888147957e+00
2.552583893020393124e-01
6.187742955408840340e-01
-1.657209715664256233e+00
1.607315964020329835e+00
5.558171072777267074e-01
1.010915937314423196e+00
-1.384593592471785040e-01
6.430156740293690998e-01
-3.481544328571342106e-01
-3.522064257697400391e-01
-4.389115110753800120e-01
-1.513687682074605911e+00
-3.605476493457673293e-01
3.774790616789459874e-02
-5.017671656425438664e-01
1.659400817091739144e+00
-1.218592167691145284e-01
-4.784048310361838086e-01
6.113918432634922462e-02
1.510837163446263620e+00
1.646276681088324478e-01
-4.759154724907004863e-01
2.842323259113211931e-01
-1.083233372742351319e+00
3.066924361364256058e-01
-1.611306847316830160e+00
-2.481585463651093393e-01
1.076987343421944576e+00
-1.445277443325627464e+00
1.127039690503968794e+00
-8.472649396603092187e-02
-9.590899016937532995e-01
-5.209135136665618004e-01
-8.422397470678504305e-01
8.392090795382649571e-01
2.932679242786900842e-01
1.450498333134665918e+00
5.111318885742647256e-01
-8.573323926183520904e-02
4.717125131075358691e-01
-1.163615868532289904e-01
6.268501366690621968e-01
-3.163267213214689955e-01
-4.013324590642050049e-01
-6.306901320716753467e-01
-2.095570647982386570e-01
4.379455300449879296e-01
5.083297583763723981e-01
-8.401167210053267498e-01
3.435950523148234570e-01
-1.772480944341408571e-01
-7.300363433692154055e-03
-1.398352352209583538e+00
9.931630068699767167e-01
4.737741006186274584e-01
-4.193169093824831717e-01
-3.356432027716268474e-01
1.217509966380467379e+00
3.867905404447299356e-01
8.680600673924632193e-01
2.392325037893487105e-01
-2.849534911887765531e+00
-8.260983223672870857e-01
1.301574497819049103e+00
-4.362052387621495053e-01
-1.944347048860437077e+00
-1.272606206553545505e+00
6.262673883507585693e-01
-6.472108961343278066e-01
1.168551878305742253e+00
-1.236492560167634425e+00
9.089368302805115318e-01
1.078836736341483304e-01
-1.082467796389761983e+00
1.472998170515974259e+00
1.584170376854628026e+00
1.985046292948032809e+00
-6.652841538366244256e-01
-1.343996885999658275e+00
-8.807013125983823021e-02
1.464809993720078973e-01
-1.480765500208486019e-01
-2.046774439295909076e+00
9.465392149476447026e-01
4.191537867976848353e-01
-1.308454816135191878e+00
8.551857859627129965e-01
-3.406518924746108068e-01
-2.559379277742252976e-02
-6.694854533600160806e-01
1.829673154247076980e-02
8.760134143349106173e-03
6.796451809643768716e-01
9.544608883159019785e-02
-6.944636570932656294e-01
-6.700084264904195008e-02
1.387989556569013683e+00
2.327402412017538502e-01
-1.452325790406215344e-01
-3.471403990356029534e-01
-5.212437707592507685e-01
-1.335246151181735952e-01
-8.034515614344882317e-02
-6.614958798664407613e-01
-1.369051283333614810e+00
1.031572851477501995e+00
-1.210685033828520663e+00
-1.732621991446517740e+00
9.131743645468032300e-01
-1.080653234541216534e+00
-5.643436867776291388e-01
-5.562221683172454689e-01
3.804501737761030733e-01
-1.302355840383926155e+00
-4.634395488777039857e-02
9.354872915986015003e-02
6.750244580300210906e-01
1.397050320435956783e+00
8.835665264206640779e-02
1.385756867143475901e+00
-1.167985627683376437e+00
8.108824948016016831e-01
1.484142252826910757e-01
1.727861611767407934e+00
-5.355183541604298103e-01
-6.031621267795602703e-01
-4.710354666713282845e-01
9.141134936647659082e-01
1.863255330548382771e+00
2.836312443372985756e-02
-5.016877655575900929e-01
1.442714073025138877e+00
1.395857580405171494e-01
-5.889741404812994796e-01
7.769868494272278436e-01
-7.224977637257625762e-01
8.092150205985201294e-01
-2.450234422640083398e+00
-1.762736828747149265e-01
-6.872882017046552106e-01
-1.308117429871697990e+00
3.573561005874963392e-01
3.816628585597699186e-02
1.221581267301931284e+00
-1.783078070066110632e+00
-1.281844906962584796e+00
7.173065631358602756e-01
-1.048261111237843934e+00
-5.660839489022115867e-01
-4.362155258209381992e-01
7.029362489284173288e-01
-2.833288114807857028e-01
-2.593462101389483743e-01
-6.272317042962306521e-01
-1.639125779773615399e+00
4.019008529563811716e-01
-5.003992921360436164e-01
-7.126938415092972656e-01
1.148560394248322680e+00
-1.907328386511426555e+00
-2.710226788204620277e-02
5.110977837842504146e-01
-1.378567771522073715e-01
-9.585919154931776820e-01
-4.092512532574517636e-01
-1.458209574175751144e-01
-6.043891081140293497e-01
-5.253659007867765851e-01
-6.128470449662825059e-01
2.393896748187012563e-02
-4.742004959748317705e-01
-6.246112379723519625e-01
-1.877639457741143159e-01
7.216053591040745285e-01
4.006941943147070972e-01
3.860623434080013294e-01
-1.111813672942574938e+00
4.769756542639473906e-01
8.263516442411785734e-01
2.008833504860805252e-01
-1.848356631843959541e-01
1.154693980893979122e+00
1.748298790708993633e-01
-6.831369008514450725e-01
1.199584848317946761e+00
1.451473763141804207e+00
1.109065949549182584e+00
1.164638133275648579e+00
2.040154294113789124e+00
3.463214945289558866e-01
7.031827258593645880e-01
-7.483459184645732329e-03
8.141081216379287833e-01
1.385203453700028231e-01
-6.527771378438792516e-01
4.645657517109517687e-01
-4.252808114594502364e-01
6.217397835471314416e-01
-2.432354353394781565e+00
1.832770923873370816e-01
3.583023403871685164e-01
-8.751705474580939725e-01
-1.080616058743935737e+00
-7.285480202699711610e-03
-1.155315443106269102e+00
-2.483353885001778616e-01
5.158546521938937035e-01
-1.712343893773532244e+00
-6.888526273940543954e-01
-8.471012083158774297e-01
-1.155436796288515033e+00
1.482523259891934009e+00
-2.612702570946176195e+00
-1.783125622266327204e-01
1.719148759530347848e-01
1.805008885250436179e-01
-1.592700247012476256e-01
6.208178729557453090e-01
-3.368255358095484375e-01
1.796035470859088212e+00
3.029781947136233056e-01
4.436126836532607309e-01
1.422584805279641706e+00
2.425998549752049482e-01
2.029041101558440308e-01
2.416834866427622075e-01
-1.268819371933649576e+00
-6.860139908529441222e-01
-2.693411470287127019e-01
8.719090413129920725e-02
6.249464798478252536e-01
3.599473538590271526e-01
1.016382393166940235e+00
-1.228882987258279880e-01
4.695383798760453531e-01
-2.679907379301846859e-01
9.728250603765186133e-01
1.101064168143006672e+00
6.378446112918414457e-01
4.573270999070959686e-01
-5.986704526989339303e-01
1.010903038608551130e+00
-2.340085069561166353e-01
5.339153816251160922e-01
-1.443909217557612090e-01
-2.582334622885091441e-02
-1.523698899258681072e+00
-1.314351086443698247e+00
-1.086948298552311121e+00
9.606754858691534116e-01
-1.470936415706308953e+00
5.799157250344051384e-01
-7.145366114536502167e-01
3.296974364843435201e-01
-2.685483274645436014e-01
-8.608611575699339769e-01
-1.634393339242553367e+00
9.382580329572794975e-01
8.941064301808299142e-01
-2.351302586356449620e-01
-7.824101912399895886e-02
-4.689934273327286962e-01
-5.590241123067479778e-01
1.097159749206812335e-01
2.046099571015723706e-01
-6.294510905118548376e-03
-8.988186900892048969e-01
6.893066770281891520e-02
-1.375545131275620836e+00
1.660310480729861649e+00
-1.033857984645632500e-01
-6.459363547553984564e-01
