2.997002564370632172e-02
2.997002564370632172e-02
2.997002564370632172e-02
2.997002564370632172e-02
2.997002564370632172e-02
2.997002564370632172e-02
2.997002564370632172e-02
2.997002564370632172e-02
2.999999746680259705e-02
2.999999746680259705e-02
2.999999746680259705e-02
2.999999746680259705e-02
2.999999746680259705e-02
2.999999746680259705e-02
2.999999746680259705e-02
2.999999746680259705e-02
2.999999746680259705e-02
2.999999746680259705e-02
2.999999746680259705e-02
2.999999746680259705e-02
2.999999746680259705e-02
2.999999746680259705e-02
2.999999746680259705e-02
2.999999746680259705e-02
2.999999746680259705e-02
2.999999746680259705e-02
2.999999746680259705e-02
2.999999746680259705e-02
2.999999746680259705e-02
2.999999746680259705e-02
2.999999746680259705e-02
2.999999746680259705e-02
2.999999746680259705e-02
2.999999746680259705e-02
3.003002703189849854e-02
3.003002703189849854e-02
3.003002703189849854e-02
3.006011806428432465e-02
3.006011806428432465e-02
3.006011806428432465e-02
3.006011806428432465e-02
3.006011806428432465e-02
3.006011806428432465e-02
3.006011806428432465e-02
3.006011806428432465e-02
3.006011806428432465e-02
3.006011806428432465e-02
3.006011806428432465e-02
3.006011806428432465e-02
3.006011806428432465e-02
3.006011806428432465e-02
3.006011806428432465e-02
3.006011806428432465e-02
3.006011806428432465e-02
3.006011806428432465e-02
3.006011806428432465e-02
3.006011806428432465e-02
3.006011806428432465e-02
3.006011806428432465e-02
3.006011806428432465e-02
3.009026683866977692e-02
3.009026683866977692e-02
3.009026683866977692e-02
3.009026683866977692e-02
3.009026683866977692e-02
3.009026683866977692e-02
3.009026683866977692e-02
3.009026683866977692e-02
3.012047894299030304e-02
3.012047894299030304e-02
3.012047894299030304e-02
3.012047894299030304e-02
3.012047894299030304e-02
3.012047894299030304e-02
3.012047894299030304e-02
3.012047894299030304e-02
3.012047894299030304e-02
3.012047894299030304e-02
3.012047894299030304e-02
3.012047894299030304e-02
3.012047894299030304e-02
3.012047894299030304e-02
3.012047894299030304e-02
3.012047894299030304e-02
3.012047894299030304e-02
3.012047894299030304e-02
3.012047894299030304e-02
3.015075065195560455e-02
3.015075065195560455e-02
3.015075065195560455e-02
3.015075065195560455e-02
3.018108382821083069e-02
3.018108382821083069e-02
3.018108382821083069e-02
3.018108382821083069e-02
3.018108382821083069e-02
3.018108382821083069e-02
3.021147660911083221e-02
3.021147660911083221e-02
3.021147660911083221e-02
3.024193271994590759e-02
3.024193271994590759e-02
3.024193271994590759e-02
3.024193271994590759e-02
3.027245029807090759e-02
3.027245029807090759e-02
3.027245029807090759e-02
3.027245029807090759e-02
3.027245029807090759e-02
3.030302561819553375e-02
3.030302561819553375e-02
3.033366613090038300e-02
3.033366613090038300e-02
3.033366613090038300e-02
3.036436811089515686e-02
3.036436811089515686e-02
3.036436811089515686e-02
3.042596019804477692e-02
3.045684844255447388e-02
3.045684844255447388e-02
3.045684844255447388e-02
3.045684844255447388e-02
3.045684844255447388e-02
3.048779815435409546e-02
3.048779815435409546e-02
3.048779815435409546e-02
3.048779815435409546e-02
3.048779815435409546e-02
3.048779815435409546e-02
3.048779815435409546e-02
3.051881492137908936e-02
3.054989501833915710e-02
3.054989501833915710e-02
3.061223961412906647e-02
3.061223961412906647e-02
3.061223961412906647e-02
3.061223961412906647e-02
3.061223961412906647e-02
3.061223961412906647e-02
3.064351156353950500e-02
3.064351156353950500e-02
3.067484311759471893e-02
3.070623800158500671e-02
3.073769994080066681e-02
3.073769994080066681e-02
3.073769994080066681e-02
3.073769994080066681e-02
3.073769994080066681e-02
3.076922707259654999e-02
3.076922707259654999e-02
3.076922707259654999e-02
3.080081567168235779e-02
3.080081567168235779e-02
3.083247318863868713e-02
3.083247318863868713e-02
3.089598193764686584e-02
3.089598193764686584e-02
3.092783130705356598e-02
3.092783130705356598e-02
3.092783130705356598e-02
3.095975145697593689e-02
3.095975145697593689e-02
3.095975145697593689e-02
3.095975145697593689e-02
3.095975145697593689e-02
3.095975145697593689e-02
3.095975145697593689e-02
3.099172934889793396e-02
3.102378547191619873e-02
3.102378547191619873e-02
3.102378547191619873e-02
3.105589747428894043e-02
3.108807839453220367e-02
3.108807839453220367e-02
3.108807839453220367e-02
3.108807839453220367e-02
3.115264512598514557e-02
3.115264512598514557e-02
3.115264512598514557e-02
3.115264512598514557e-02
3.115264512598514557e-02
3.115264512598514557e-02
3.118502907454967499e-02
3.121747635304927826e-02
3.121747635304927826e-02
3.124999627470970154e-02
3.124999627470970154e-02
3.124999627470970154e-02
3.128258138895034790e-02
3.128258138895034790e-02
3.131523355841636658e-02
3.134795650839805603e-02
3.134795650839805603e-02
3.134795650839805603e-02
3.134795650839805603e-02
3.144653886556625366e-02
3.144653886556625366e-02
3.154573962092399597e-02
3.161221742630004883e-02
3.167898207902908325e-02
3.171246871352195740e-02
3.181335702538490295e-02
3.181335702538490295e-02
3.184713050723075867e-02
3.184713050723075867e-02
3.188097104430198669e-02
3.188097104430198669e-02
3.188097104430198669e-02
3.191489353775978088e-02
3.194887563586235046e-02
3.201707080006599426e-02
3.201707080006599426e-02
3.201707080006599426e-02
3.205128014087677002e-02
3.211991116404533386e-02
3.211991116404533386e-02
3.211991116404533386e-02
3.211991116404533386e-02
3.218884021043777466e-02
3.225805982947349548e-02
3.225805982947349548e-02
3.225805982947349548e-02
3.229278326034545898e-02
3.236245363950729370e-02
3.236245363950729370e-02
3.239740431308746338e-02
3.243242949247360229e-02
3.243242949247360229e-02
3.243242949247360229e-02
3.250270709395408630e-02
3.250270709395408630e-02
3.250270709395408630e-02
3.253795579075813293e-02
3.264417126774787903e-02
3.271537646651268005e-02
3.271537646651268005e-02
3.278688341379165649e-02
3.278688341379165649e-02
3.278688341379165649e-02
3.278688341379165649e-02
3.278688341379165649e-02
3.278688341379165649e-02
3.282275423407554626e-02
3.293083980679512024e-02
3.303964063525199890e-02
3.303964063525199890e-02
3.303964063525199890e-02
3.311258181929588318e-02
3.311258181929588318e-02
3.322258591651916504e-02
3.344481438398361206e-02
3.348213806748390198e-02
3.355704620480537415e-02
3.355704620480537415e-02
3.355704620480537415e-02
3.359461948275566101e-02
3.359461948275566101e-02
3.359461948275566101e-02
3.359461948275566101e-02
3.359461948275566101e-02
3.363228216767311096e-02
3.367002680897712708e-02
3.367002680897712708e-02
3.374578058719635010e-02
3.382186964154243469e-02
3.386004269123077393e-02
3.393664583563804626e-02
3.393664583563804626e-02
3.401359915733337402e-02
3.405221179127693176e-02
3.409090638160705566e-02
3.409090638160705566e-02
3.412969037890434265e-02
3.412969037890434265e-02
3.420752286911010742e-02
3.424657136201858521e-02
3.428571298718452454e-02
3.448275476694107056e-02
3.456220775842666626e-02
3.464202955365180969e-02
3.464202955365180969e-02
3.464202955365180969e-02
3.464202955365180969e-02
3.468208014965057373e-02
3.476245328783988953e-02
3.484320268034934998e-02
3.488371893763542175e-02
3.492432460188865662e-02
3.492432460188865662e-02
3.500583022832870483e-02
3.508771583437919617e-02
3.512880206108093262e-02
3.512880206108093262e-02
3.512880206108093262e-02
3.516998514533042908e-02
3.516998514533042908e-02
3.521126881241798401e-02
3.521126881241798401e-02
3.529411181807518005e-02
3.533568605780601501e-02
3.537735342979431152e-02
3.546098992228507996e-02
3.550295531749725342e-02
3.558718040585517883e-02
3.558718040585517883e-02
3.562945127487182617e-02
3.571427986025810242e-02
3.579951822757720947e-02
3.579951822757720947e-02
3.584228828549385071e-02
3.584228828549385071e-02
3.584228828549385071e-02
3.597121685743331909e-02
3.601440414786338806e-02
3.605768457055091858e-02
3.610108047723770142e-02
3.610108047723770142e-02
3.614457324147224426e-02
3.618817776441574097e-02
3.623187914490699768e-02
3.623187914490699768e-02
3.645200282335281372e-02
3.654079884290695190e-02
3.667481243610382080e-02
3.676469996571540833e-02
3.676469996571540833e-02
3.685503453016281128e-02
3.703702986240386963e-02
3.703702986240386963e-02
3.703702986240386963e-02
3.703702986240386963e-02
3.703702986240386963e-02
3.703702986240386963e-02
3.708281368017196655e-02
3.712870553135871887e-02
3.726707771420478821e-02
3.745317831635475159e-02
3.754693269729614258e-02
3.759397938847541809e-02
3.768843784928321838e-02
3.768843784928321838e-02
3.768843784928321838e-02
3.768843784928321838e-02
3.778337314724922180e-02
3.787878155708312988e-02
3.792667016386985779e-02
3.797468170523643494e-02
3.811943903565406799e-02
3.821655735373497009e-02
3.831417113542556763e-02
3.831417113542556763e-02
3.836316615343093872e-02
3.851090371608734131e-02
3.861003369092941284e-02
3.861003369092941284e-02
3.861003369092941284e-02
3.865978866815567017e-02
3.865978866815567017e-02
3.870967030525207520e-02
3.880983218550682068e-02
3.891050070524215698e-02
3.901170194149017334e-02
3.911342471837997437e-02
3.911342471837997437e-02
3.931847587227821350e-02
3.937007114291191101e-02
3.937007114291191101e-02
3.947367891669273376e-02
3.952568769454956055e-02
3.968253359198570251e-02
3.978779539465904236e-02
3.984063118696212769e-02
3.984063118696212769e-02
3.994673490524291992e-02
3.999999538064002991e-02
4.005340114235877991e-02
4.026845097541809082e-02
4.037684947252273560e-02
4.054053872823715210e-02
4.059539362788200378e-02
4.081632196903228760e-02
4.092769324779510498e-02
4.109588265419006348e-02
4.120878502726554871e-02
4.143645986914634705e-02
4.149376973509788513e-02
4.155124351382255554e-02
4.160887375473976135e-02
4.184100031852722168e-02
4.195803776383399963e-02
4.207573458552360535e-02
4.219408705830574036e-02
4.231311008334159851e-02
4.237287491559982300e-02
4.237287491559982300e-02
4.243280738592147827e-02
4.249291494488716125e-02
4.267424717545509338e-02
4.285713657736778259e-02
4.297993704676628113e-02
4.322766140103340149e-02
4.322766140103340149e-02
4.347825422883033752e-02
4.398826882243156433e-02
4.398826882243156433e-02
4.424777999520301819e-02
4.444444179534912109e-02
4.451038315892219543e-02
4.477611184120178223e-02
4.518071562051773071e-02
4.524886235594749451e-02
4.552351310849189758e-02
4.559269919991493225e-02
4.573170468211174011e-02
4.594180360436439514e-02
4.608294367790222168e-02
4.643962532281875610e-02
4.658384621143341064e-02
4.665629193186759949e-02
4.694835469126701355e-02
4.709575325250625610e-02
4.731860756874084473e-02
4.754357412457466125e-02
4.784688726067543030e-02
4.807691648602485657e-02
4.830917343497276306e-02
4.878048226237297058e-02
4.885993152856826782e-02
4.918032139539718628e-02
4.934209957718849182e-02
4.958676919341087341e-02
4.991680011153221130e-02
4.999999329447746277e-02
5.016721785068511963e-02
5.025125294923782349e-02
5.050504952669143677e-02
5.076141655445098877e-02
5.093378573656082153e-02
5.119453370571136475e-02
5.128204450011253357e-02
5.145797133445739746e-02
5.181346833705902100e-02
5.208332836627960205e-02
5.235601589083671570e-02
5.253940075635910034e-02
5.272407457232475281e-02
5.309734120965003967e-02
5.319148302078247070e-02
5.357142537832260132e-02
5.385995656251907349e-02
5.415162071585655212e-02
5.444645509123802185e-02
5.484459921717643738e-02
5.494505167007446289e-02
5.535054579377174377e-02
5.576207488775253296e-02
5.597013980150222778e-02
5.649716779589653015e-02
5.649716779589653015e-02
5.681817606091499329e-02
5.725190415978431702e-02
5.769230052828788757e-02
5.780346319079399109e-02
5.813952535390853882e-02
5.859374254941940308e-02
5.893908813595771790e-02
5.917159467935562134e-02
5.928853154182434082e-02
5.976095050573348999e-02
5.999999493360519409e-02
6.036216765642166138e-02
6.072873994708061218e-02
6.109979376196861267e-02
6.134968996047973633e-02
6.172838807106018066e-02
6.302519887685775757e-02
6.382977962493896484e-02
6.396587938070297241e-02
6.479480117559432983e-02
6.550217419862747192e-02
6.607928127050399780e-02
6.651884317398071289e-02
6.696428358554840088e-02
6.696428358554840088e-02
6.711409240961074829e-02
6.726456433534622192e-02
6.772008538246154785e-02
6.787329167127609253e-02
6.833712011575698853e-02
6.880733370780944824e-02
6.880733370780944824e-02
6.944444030523300171e-02
6.976743042469024658e-02
6.976743042469024658e-02
7.058822363615036011e-02
7.125889509916305542e-02
7.159903645515441895e-02
7.246375828981399536e-02
7.299269735813140869e-02
7.334962487220764160e-02
7.371006160974502563e-02
7.407406717538833618e-02
7.407406717538833618e-02
7.425741851329803467e-02
7.481296360492706299e-02
7.575757056474685669e-02
7.614212483167648315e-02
7.712081074714660645e-02
7.772020250558853149e-02
7.874014973640441895e-02
7.894736528396606445e-02
7.915566861629486084e-02
7.978722453117370605e-02
7.978722453117370605e-02
8.042895048856735229e-02
8.086252212524414062e-02
8.108107000589370728e-02
8.130080252885818481e-02
8.241757750511169434e-02
8.264461904764175415e-02
8.333332836627960205e-02
8.403360843658447266e-02
8.474575728178024292e-02
8.547008037567138672e-02
8.571428060531616211e-02
8.645532280206680298e-02
8.720929920673370361e-02
8.875738829374313354e-02
9.036143869161605835e-02
9.090907871723175049e-02
9.146340191364288330e-02
9.259258210659027100e-02
9.345793724060058594e-02
9.433960914611816406e-02
9.523808956146240234e-02
9.677418321371078491e-02
9.771985560655593872e-02
9.836064279079437256e-02
9.933774173259735107e-02
1.003344431519508362e-01
1.010100841522216797e-01
1.016949042677879333e-01
1.030927672982215881e-01
1.045296043157577515e-01
1.052631437778472900e-01
1.071428433060646057e-01
1.071428433060646057e-01
1.079136505722999573e-01
1.086956411600112915e-01
1.090909019112586975e-01
1.090909019112586975e-01
1.098900958895683289e-01
1.119402945041656494e-01
1.140684336423873901e-01
1.153846085071563721e-01
1.171874776482582092e-01
1.181102246046066284e-01
1.185770630836486816e-01
1.199999898672103882e-01
1.129032149910926819e-01
1.138211265206336975e-01
1.142857000231742859e-01
1.147540882229804993e-01
1.171547994017601013e-01
1.171547994017601013e-01
1.176470443606376648e-01
1.181434467434883118e-01
1.115879714488983154e-01
1.120689511299133301e-01
1.145374327898025513e-01
1.160714104771614075e-01
1.171170994639396667e-01
1.181818023324012756e-01
1.187214553356170654e-01
1.105990707874298096e-01
1.121495291590690613e-01
1.132075339555740356e-01
1.142857000231742859e-01
1.148325204849243164e-01
1.182265877723693848e-01
1.206029951572418213e-01
1.212120950222015381e-01
1.218274012207984924e-01
1.249999850988388062e-01
1.263157725334167480e-01
1.283422410488128662e-01
1.318681091070175171e-01
1.325966566801071167e-01
1.325966566801071167e-01
1.363636255264282227e-01
1.363636255264282227e-01
1.395348608493804932e-01
1.428571343421936035e-01
1.454545408487319946e-01
1.472392380237579346e-01
1.472392380237579346e-01
1.518987119197845459e-01
1.538461297750473022e-01
1.548386961221694946e-01
1.558441370725631714e-01
1.568627357482910156e-01
1.589403748512268066e-01
1.643835455179214478e-01
1.655172109603881836e-01
1.666666418313980103e-01
1.726618558168411255e-01
1.726618558168411255e-01
1.751824617385864258e-01
1.751824617385864258e-01
1.764705628156661987e-01
1.804510951042175293e-01
1.846153587102890015e-01
1.889763474464416504e-01
1.919999718666076660e-01
1.803278475999832153e-01
1.864406317472457886e-01
1.880341619253158569e-01
1.913043260574340820e-01
1.913043260574340820e-01
1.946902424097061157e-01
1.964285373687744141e-01
1.964285373687744141e-01
2.037036865949630737e-01
2.095237821340560913e-01
2.156862467527389526e-01
2.178217470645904541e-01
2.244897633790969849e-01
2.315789163112640381e-01
2.340425252914428711e-01
2.365591228008270264e-01
2.444444149732589722e-01
2.471909970045089722e-01
2.499999701976776123e-01
2.528735399246215820e-01
2.558139264583587646e-01
2.588234841823577881e-01
2.650602161884307861e-01
2.784809768199920654e-01
2.820512652397155762e-01
2.820512652397155762e-01
2.820512652397155762e-01
2.820512652397155762e-01
2.820512652397155762e-01
2.631578445434570312e-01
2.739725708961486816e-01
2.816901206970214844e-01
2.857142388820648193e-01
2.857142388820648193e-01
2.857142388820648193e-01
2.985074222087860107e-01
2.985074222087860107e-01
3.076922893524169922e-01
3.076922893524169922e-01
3.124999403953552246e-01
3.225805759429931641e-01
3.278687894344329834e-01
3.278687894344329834e-01
3.278687894344329834e-01
3.278687894344329834e-01
3.278687894344329834e-01
3.278687894344329834e-01
3.389829993247985840e-01
3.448275625705718994e-01
3.448275625705718994e-01
3.508771657943725586e-01
3.571428060531616211e-01
3.571428060531616211e-01
3.571428060531616211e-01
3.921568095684051514e-01
3.999999761581420898e-01
4.081632494926452637e-01
4.347825646400451660e-01
4.444444179534912109e-01
4.545454084873199463e-01
4.545454084873199463e-01
4.651162326335906982e-01
4.761904478073120117e-01
4.878048598766326904e-01
4.878048598766326904e-01
4.878048598766326904e-01
4.878048598766326904e-01
4.878048598766326904e-01
4.878048598766326904e-01
4.878048598766326904e-01
4.499999284744262695e-01
4.499999284744262695e-01
4.499999284744262695e-01
4.615384042263031006e-01
4.615384042263031006e-01
4.736841619014739990e-01
4.736841619014739990e-01
4.736841619014739990e-01
4.736841619014739990e-01
4.736841619014739990e-01
4.736841619014739990e-01
4.736841619014739990e-01
4.864864349365234375e-01
4.864864349365234375e-01
4.999999403953552246e-01
5.142856836318969727e-01
5.142856836318969727e-01
5.142856836318969727e-01
5.142856836318969727e-01
5.142856836318969727e-01
5.142856836318969727e-01
5.142856836318969727e-01
5.142856836318969727e-01
5.142856836318969727e-01
5.142856836318969727e-01
5.294117331504821777e-01
5.454545021057128906e-01
5.624999403953552246e-01
5.624999403953552246e-01
5.624999403953552246e-01
5.624999403953552246e-01
5.624999403953552246e-01
5.624999403953552246e-01
5.806450843811035156e-01
5.806450843811035156e-01
5.999999642372131348e-01
5.999999642372131348e-01
5.999999642372131348e-01
6.206895709037780762e-01
6.206895709037780762e-01
6.206895709037780762e-01
6.206895709037780762e-01
6.206895709037780762e-01
6.206895709037780762e-01
6.206895709037780762e-01
6.206895709037780762e-01
6.206895709037780762e-01
6.206895709037780762e-01
6.206895709037780762e-01
6.206895709037780762e-01
6.206895709037780762e-01
6.206895709037780762e-01
6.206895709037780762e-01
6.206895709037780762e-01
6.206895709037780762e-01
6.206895709037780762e-01
5.714285373687744141e-01
5.714285373687744141e-01
5.714285373687744141e-01
5.714285373687744141e-01
5.714285373687744141e-01
5.714285373687744141e-01
5.925924777984619141e-01
5.925924777984619141e-01
5.925924777984619141e-01
5.925924777984619141e-01
5.925924777984619141e-01
5.925924777984619141e-01
5.925924777984619141e-01
5.925924777984619141e-01
5.925924777984619141e-01
5.925924777984619141e-01
5.925924777984619141e-01
5.925924777984619141e-01
5.925924777984619141e-01
5.925924777984619141e-01
5.925924777984619141e-01
5.925924777984619141e-01
5.925924777984619141e-01
5.925924777984619141e-01
5.925924777984619141e-01
6.153845191001892090e-01
6.153845191001892090e-01
6.153845191001892090e-01
6.153845191001892090e-01
6.153845191001892090e-01
6.153845191001892090e-01
5.599999427795410156e-01
5.599999427795410156e-01
5.599999427795410156e-01
5.599999427795410156e-01
5.599999427795410156e-01
5.599999427795410156e-01
5.599999427795410156e-01
5.599999427795410156e-01
5.599999427795410156e-01
5.599999427795410156e-01
5.599999427795410156e-01
5.833332538604736328e-01
5.833332538604736328e-01
5.833332538604736328e-01
5.833332538604736328e-01
5.833332538604736328e-01
5.217391252517700195e-01
5.217391252517700195e-01
5.217391252517700195e-01
5.217391252517700195e-01
5.217391252517700195e-01
5.217391252517700195e-01
5.217391252517700195e-01
4.545454084873199463e-01
4.545454084873199463e-01
4.545454084873199463e-01
4.545454084873199463e-01
4.545454084873199463e-01
4.545454084873199463e-01
4.545454084873199463e-01
4.545454084873199463e-01
4.545454084873199463e-01
4.545454084873199463e-01
4.545454084873199463e-01
4.545454084873199463e-01
4.545454084873199463e-01
4.545454084873199463e-01
4.761904776096343994e-01
4.761904776096343994e-01
4.761904776096343994e-01
4.761904776096343994e-01
3.999999463558197021e-01
3.999999463558197021e-01
3.999999463558197021e-01
3.999999463558197021e-01
3.999999463558197021e-01
4.210525751113891602e-01
4.210525751113891602e-01
4.210525751113891602e-01
4.210525751113891602e-01
4.210525751113891602e-01
4.210525751113891602e-01
4.210525751113891602e-01
4.210525751113891602e-01
4.210525751113891602e-01
4.210525751113891602e-01
4.210525751113891602e-01
4.210525751113891602e-01
3.333333134651184082e-01
3.333333134651184082e-01
3.333333134651184082e-01
3.333333134651184082e-01
3.333333134651184082e-01
3.333333134651184082e-01
3.333333134651184082e-01
3.333333134651184082e-01
3.333333134651184082e-01
3.333333134651184082e-01
3.333333134651184082e-01
3.333333134651184082e-01
3.333333134651184082e-01
3.333333134651184082e-01
3.333333134651184082e-01
3.333333134651184082e-01
3.333333134651184082e-01
3.333333134651184082e-01
3.333333134651184082e-01
3.333333134651184082e-01
3.333333134651184082e-01
3.333333134651184082e-01
3.333333134651184082e-01
3.333333134651184082e-01
3.333333134651184082e-01
3.333333134651184082e-01
3.333333134651184082e-01
3.333333134651184082e-01
3.333333134651184082e-01
3.333333134651184082e-01
3.333333134651184082e-01
3.333333134651184082e-01
3.333333134651184082e-01
3.333333134651184082e-01
3.333333134651184082e-01
3.333333134651184082e-01
3.333333134651184082e-01
3.333333134651184082e-01
3.333333134651184082e-01
3.333333134651184082e-01
3.333333134651184082e-01
3.333333134651184082e-01
3.333333134651184082e-01
3.333333134651184082e-01
3.333333134651184082e-01
3.333333134651184082e-01
3.333333134651184082e-01
3.333333134651184082e-01
3.333333134651184082e-01
3.333333134651184082e-01
3.333333134651184082e-01
3.333333134651184082e-01
3.333333134651184082e-01
3.333333134651184082e-01
3.333333134651184082e-01
3.333333134651184082e-01
3.333333134651184082e-01
3.333333134651184082e-01
3.333333134651184082e-01
3.333333134651184082e-01
3.333333134651184082e-01
3.333333134651184082e-01
3.333333134651184082e-01
3.333333134651184082e-01
3.333333134651184082e-01
3.333333134651184082e-01
3.333333134651184082e-01
3.333333134651184082e-01
3.333333134651184082e-01
3.333333134651184082e-01
3.333333134651184082e-01
3.333333134651184082e-01
3.333333134651184082e-01
3.333333134651184082e-01
3.333333134651184082e-01
3.333333134651184082e-01
2.352940738201141357e-01
2.352940738201141357e-01
2.352940738201141357e-01
2.352940738201141357e-01
2.352940738201141357e-01
2.352940738201141357e-01
2.352940738201141357e-01
2.352940738201141357e-01
2.352940738201141357e-01
2.352940738201141357e-01
1.249999701976776123e-01
1.249999701976776123e-01
1.249999701976776123e-01
1.249999701976776123e-01
1.249999701976776123e-01
1.249999701976776123e-01
1.249999701976776123e-01
1.249999701976776123e-01
1.249999701976776123e-01
1.249999701976776123e-01
1.249999701976776123e-01
1.249999701976776123e-01
1.249999701976776123e-01
1.249999701976776123e-01
1.249999701976776123e-01
1.249999701976776123e-01
1.249999701976776123e-01
1.249999701976776123e-01
1.249999701976776123e-01
1.249999701976776123e-01
1.249999701976776123e-01
1.249999701976776123e-01
1.249999701976776123e-01
1.249999701976776123e-01
1.249999701976776123e-01
1.249999701976776123e-01
1.249999701976776123e-01
1.249999701976776123e-01
1.249999701976776123e-01
1.249999701976776123e-01
1.249999701976776123e-01
1.249999701976776123e-01
1.249999701976776123e-01
1.249999701976776123e-01
1.249999701976776123e-01
1.249999701976776123e-01
1.249999701976776123e-01
1.249999701976776123e-01
1.249999701976776123e-01
1.249999701976776123e-01
1.249999701976776123e-01
1.249999701976776123e-01
1.249999701976776123e-01
1.249999701976776123e-01
1.249999701976776123e-01
1.249999701976776123e-01
1.249999701976776123e-01
1.249999701976776123e-01
1.249999701976776123e-01
1.249999701976776123e-01
1.249999701976776123e-01
1.249999701976776123e-01
1.249999701976776123e-01
1.249999701976776123e-01
1.249999701976776123e-01
1.249999701976776123e-01
1.249999701976776123e-01
1.249999701976776123e-01
1.249999701976776123e-01
1.249999701976776123e-01
1.249999701976776123e-01
1.249999701976776123e-01
1.249999701976776123e-01
1.249999701976776123e-01
1.249999701976776123e-01
1.249999701976776123e-01
1.249999701976776123e-01
1.249999701976776123e-01
1.249999701976776123e-01
1.249999701976776123e-01
1.249999701976776123e-01
1.249999701976776123e-01
1.249999701976776123e-01
1.249999701976776123e-01
1.249999701976776123e-01
1.249999701976776123e-01
1.249999701976776123e-01
1.249999701976776123e-01
1.249999701976776123e-01
1.249999701976776123e-01
1.249999701976776123e-01
1.249999701976776123e-01
1.249999701976776123e-01
1.249999701976776123e-01
