5.199862837840569796e-01 0.000000000000000000e+00
2.651317965511635899e-01 0.000000000000000000e+00
1.260986114005987035e+00 0.000000000000000000e+00
1.118275987262788540e+00 0.000000000000000000e+00
1.716717521651588196e+00 0.000000000000000000e+00
8.934094152420125612e-01 0.000000000000000000e+00
1.186816736119003624e+00 0.000000000000000000e+00
1.571576313511622747e+00 0.000000000000000000e+00
3.294011005469124065e+00 0.000000000000000000e+00
9.801824319794694151e-01 0.000000000000000000e+00
1.147365271423797628e+00 0.000000000000000000e+00
1.167504995549746960e+00 0.000000000000000000e+00
1.161043059652320464e+00 0.000000000000000000e+00
1.944272605543593713e+00 0.000000000000000000e+00
1.448397680070963034e+00 0.000000000000000000e+00
1.978315507086129577e+00 0.000000000000000000e+00
1.625094650484905756e+00 0.000000000000000000e+00
1.642807074007418988e+00 0.000000000000000000e+00
7.280175195274033451e-01 0.000000000000000000e+00
1.535906933817103415e+00 0.000000000000000000e+00
1.384093729187928723e+00 0.000000000000000000e+00
1.285410047140518985e+00 0.000000000000000000e+00
7.723837926896399975e-02 0.000000000000000000e+00
1.437152807709418001e+00 0.000000000000000000e+00
1.211647920125308753e+00 0.000000000000000000e+00
7.727836352711782153e-01 0.000000000000000000e+00
1.766725992764305309e+00 0.000000000000000000e+00
9.499242986678484435e-01 0.000000000000000000e+00
7.464020903170864862e-01 0.000000000000000000e+00
2.327199799041700101e-01 0.000000000000000000e+00
3.189315952087662387e-01 0.000000000000000000e+00
3.169918293167356627e+00 0.000000000000000000e+00
9.436748511996780886e-01 0.000000000000000000e+00
9.884941629151803300e-01 0.000000000000000000e+00
1.159849944688469137e+00 0.000000000000000000e+00
1.557032267693247762e+00 0.000000000000000000e+00
5.710038586985031195e-01 0.000000000000000000e+00
1.474144567817150753e+00 0.000000000000000000e+00
1.141446400042895659e+00 0.000000000000000000e+00
4.108922314387834507e-01 0.000000000000000000e+00
1.626354172870306591e+00 0.000000000000000000e+00
2.536433179195713983e+00 0.000000000000000000e+00
1.029187118065568729e+00 0.000000000000000000e+00
2.141506063752426137e+00 0.000000000000000000e+00
1.247378099201114310e+00 0.000000000000000000e+00
1.839684222803489533e+00 0.000000000000000000e+00
2.779102872201506091e+00 0.000000000000000000e+00
2.928364756872399166e+00 1.000000000000000000e+00
1.457559305895806068e+00 0.000000000000000000e+00
6.114770203711948904e-01 0.000000000000000000e+00
1.145947906356822754e+00 0.000000000000000000e+00
3.493470331758249947e-01 0.000000000000000000e+00
1.839009009080131429e+00 0.000000000000000000e+00
2.406306759137300411e+00 0.000000000000000000e+00
1.198329993822128570e+00 0.000000000000000000e+00
1.030337600996186431e+00 0.000000000000000000e+00
5.574485550527563671e-01 0.000000000000000000e+00
1.259890319176732776e+00 0.000000000000000000e+00
8.214371900250239111e-01 0.000000000000000000e+00
1.538296431769047290e+00 0.000000000000000000e+00
1.890385298800733471e+00 0.000000000000000000e+00
3.420894273598515944e-01 0.000000000000000000e+00
8.209091651290053582e-01 0.000000000000000000e+00
8.692711113904346698e-01 0.000000000000000000e+00
1.340415258937984966e+00 0.000000000000000000e+00
8.234599201825547610e-01 0.000000000000000000e+00
1.135017356125971988e+00 0.000000000000000000e+00
2.516412127910854224e-01 0.000000000000000000e+00
6.622414670870607756e-01 0.000000000000000000e+00
3.355517664814221535e-01 0.000000000000000000e+00
4.078599234904735638e-01 0.000000000000000000e+00
1.666747832127952300e+00 0.000000000000000000e+00
1.071209511678657078e+00 0.000000000000000000e+00
3.696836477341676752e-01 0.000000000000000000e+00
1.302860712314243052e+00 0.000000000000000000e+00
9.364835852479105327e-01 0.000000000000000000e+00
4.656727697189121939e-01 0.000000000000000000e+00
1.563210398950748869e+00 0.000000000000000000e+00
1.358137424138900595e+00 0.000000000000000000e+00
1.939875243897800083e-01 0.000000000000000000e+00
1.762747338905399141e+00 0.000000000000000000e+00
8.614583752777800196e-01 0.000000000000000000e+00
9.188343214886522947e-01 0.000000000000000000e+00
4.071083520537824296e-01 0.000000000000000000e+00
1.472560910968267578e+00 0.000000000000000000e+00
1.261938820366946157e+00 0.000000000000000000e+00
9.334976344391190395e-01 0.000000000000000000e+00
1.275154164854853445e+00 0.000000000000000000e+00
4.210347195384658847e-01 0.000000000000000000e+00
1.005679411972581594e+00 0.000000000000000000e+00
1.431976487641060336e+00 0.000000000000000000e+00
5.739650026432645546e-01 0.000000000000000000e+00
1.562610987453773692e+00 0.000000000000000000e+00
3.154715764065874062e+00 0.000000000000000000e+00
1.890303839216092241e+00 0.000000000000000000e+00
2.867170369033031019e+00 0.000000000000000000e+00
1.013396353775884773e+00 0.000000000000000000e+00
2.198157519711612551e+00 0.000000000000000000e+00
1.519228349025886438e+00 0.000000000000000000e+00
2.447910809721155267e+00 0.000000000000000000e+00
7.882961628061144754e-01 0.000000000000000000e+00
1.385684898779458107e+00 0.000000000000000000e+00
1.154418110576239442e+00 0.000000000000000000e+00
6.795605858091194884e-01 0.000000000000000000e+00
6.335807404988401670e-01 0.000000000000000000e+00
9.235313605591636277e-01 0.000000000000000000e+00
6.856484122364989720e-01 0.000000000000000000e+00
5.786403994581948984e-01 0.000000000000000000e+00
1.140192875543623030e+00 0.000000000000000000e+00
1.819448904815061496e+00 0.000000000000000000e+00
6.252828629741186139e-01 0.000000000000000000e+00
1.821730550038567209e+00 0.000000000000000000e+00
8.195106485388372608e-01 0.000000000000000000e+00
9.891450963926802231e-01 0.000000000000000000e+00
3.499272155771584458e-01 0.000000000000000000e+00
1.253474121549930098e-01 0.000000000000000000e+00
6.801045760016831698e-01 0.000000000000000000e+00
1.562793776784579203e+00 0.000000000000000000e+00
8.796217715708361251e-02 0.000000000000000000e+00
7.835112527652758896e-01 0.000000000000000000e+00
1.247804641585025909e+00 0.000000000000000000e+00
6.279973774513644136e-01 0.000000000000000000e+00
5.026047411578461466e-01 0.000000000000000000e+00
1.369819625461268231e+00 0.000000000000000000e+00
1.682249456339536042e+00 0.000000000000000000e+00
1.238365960286302636e+00 0.000000000000000000e+00
2.251027277843401730e+00 0.000000000000000000e+00
1.420003963061873042e+00 0.000000000000000000e+00
1.378563879607695775e+00 0.000000000000000000e+00
1.106868478218309138e+00 0.000000000000000000e+00
1.332421938994579280e+00 0.000000000000000000e+00
9.457832006525220825e-01 0.000000000000000000e+00
1.791232129302013920e+00 0.000000000000000000e+00
2.089368062060106723e+00 0.000000000000000000e+00
2.297873049698335279e+00 0.000000000000000000e+00
1.055432233250193752e+00 0.000000000000000000e+00
1.663032152592996749e+00 0.000000000000000000e+00
1.021326904657942958e+00 0.000000000000000000e+00
1.330600382144687455e+00 0.000000000000000000e+00
5.861649756437532499e-01 0.000000000000000000e+00
8.286875036525725990e-01 0.000000000000000000e+00
8.905721585974765153e-01 0.000000000000000000e+00
8.338350168984041133e-01 0.000000000000000000e+00
5.238864972244862139e-01 0.000000000000000000e+00
6.356930747798625880e-01 0.000000000000000000e+00
2.637817034219701373e+00 0.000000000000000000e+00
9.835113837976882101e-01 0.000000000000000000e+00
9.592661474960525458e-01 0.000000000000000000e+00
2.599310410971582552e+00 0.000000000000000000e+00
2.083151492797683080e+00 0.000000000000000000e+00
1.097665739988561207e+00 0.000000000000000000e+00
5.799007831294690218e-01 0.000000000000000000e+00
3.764390021101331474e-01 0.000000000000000000e+00
1.725182504968906461e+00 0.000000000000000000e+00
4.471147045915370155e-01 0.000000000000000000e+00
9.291892187844750239e-01 0.000000000000000000e+00
4.197050236932022838e-01 0.000000000000000000e+00
1.335312885633373359e+00 0.000000000000000000e+00
1.213517307753511076e+00 0.000000000000000000e+00
1.645243394339922283e+00 0.000000000000000000e+00
2.027467961194969193e-01 0.000000000000000000e+00
9.207204111314217787e-01 0.000000000000000000e+00
2.469930005391868466e+00 0.000000000000000000e+00
2.042058741182358084e+00 0.000000000000000000e+00
1.205154165684753531e+00 0.000000000000000000e+00
3.272443010316877121e+00 0.000000000000000000e+00
1.896191407262481476e+00 0.000000000000000000e+00
2.424004795218261954e+00 0.000000000000000000e+00
1.315612728369187856e+00 0.000000000000000000e+00
1.851358589334500815e+00 0.000000000000000000e+00
2.241742492041658430e+00 0.000000000000000000e+00
7.288137930768954220e-01 0.000000000000000000e+00
7.596995279082967567e-01 0.000000000000000000e+00
1.224136621899115873e+00 0.000000000000000000e+00
7.775404252694664287e-01 0.000000000000000000e+00
1.164361353814910460e+00 0.000000000000000000e+00
1.695828496792340490e+00 0.000000000000000000e+00
1.321800600891701816e+00 0.000000000000000000e+00
1.992593789878030819e+00 0.000000000000000000e+00
1.648981742210286372e+00 0.000000000000000000e+00
1.517288848020560854e+00 0.000000000000000000e+00
1.027508595324643892e+00 0.000000000000000000e+00
8.780749904033944286e-01 0.000000000000000000e+00
2.182129336701094768e+00 0.000000000000000000e+00
2.038533661423015175e+00 0.000000000000000000e+00
6.279428991901868651e-01 0.000000000000000000e+00
5.677394546944111164e-01 0.000000000000000000e+00
1.974448108166845017e+00 0.000000000000000000e+00
1.294428504157639326e+00 0.000000000000000000e+00
3.627206545541754590e-01 0.000000000000000000e+00
9.611054602866369034e-01 0.000000000000000000e+00
1.438413295317697127e+00 0.000000000000000000e+00
2.033995465340961317e+00 0.000000000000000000e+00
9.182588039465043872e-01 0.000000000000000000e+00
3.685650556700611480e-01 0.000000000000000000e+00
1.017636333866458020e+00 0.000000000000000000e+00
3.001681478268503067e+00 0.000000000000000000e+00
1.948879866181634446e+00 0.000000000000000000e+00
1.327305905808203290e+00 0.000000000000000000e+00
8.554447723146021421e-01 0.000000000000000000e+00
1.851435339028206117e+00 0.000000000000000000e+00
1.585088563250912186e+00 0.000000000000000000e+00
1.189220756515680710e+00 0.000000000000000000e+00
1.536124265952155232e+00 0.000000000000000000e+00
7.716950127507457013e-01 0.000000000000000000e+00
5.169812659191012072e-01 0.000000000000000000e+00
1.295827450638870948e+00 0.000000000000000000e+00
2.049486320128522721e+00 0.000000000000000000e+00
1.413486254386421281e+00 0.000000000000000000e+00
7.815053487239704832e-01 0.000000000000000000e+00
2.025622776296863492e+00 0.000000000000000000e+00
3.461212832930375960e+00 0.000000000000000000e+00
1.906057316330131535e+00 0.000000000000000000e+00
7.769905634427392016e-01 0.000000000000000000e+00
2.300594590827770070e+00 0.000000000000000000e+00
2.440698914215101212e+00 0.000000000000000000e+00
2.148461761110135093e+00 0.000000000000000000e+00
2.489071276946460465e+00 0.000000000000000000e+00
8.734542830050439077e-01 0.000000000000000000e+00
1.336157442938019191e+00 0.000000000000000000e+00
1.281325116315256585e+00 0.000000000000000000e+00
1.547687890646015640e+00 0.000000000000000000e+00
8.592226246239478282e-01 0.000000000000000000e+00
1.265972977237424857e+00 0.000000000000000000e+00
9.113367905244607048e-01 0.000000000000000000e+00
1.385211495948951210e+00 0.000000000000000000e+00
1.174877232448557463e+00 0.000000000000000000e+00
1.035569058054330638e+00 0.000000000000000000e+00
3.461963947632374361e-01 0.000000000000000000e+00
2.226588942902766044e-01 0.000000000000000000e+00
2.345797048796849360e-01 0.000000000000000000e+00
3.565079860524752453e-01 0.000000000000000000e+00
5.746186000007786898e-01 0.000000000000000000e+00
1.106102602048425476e+00 0.000000000000000000e+00
2.243371018125909888e+00 0.000000000000000000e+00
3.050541543982200565e+00 0.000000000000000000e+00
4.995384564888846191e-01 0.000000000000000000e+00
7.251452544619006735e-02 0.000000000000000000e+00
1.669559137542092175e+00 0.000000000000000000e+00
1.232413734172645770e+00 0.000000000000000000e+00
8.165677430978836027e-01 0.000000000000000000e+00
1.584235715031423908e+00 0.000000000000000000e+00
1.482189070118539620e+00 0.000000000000000000e+00
5.786120187949177485e-01 0.000000000000000000e+00
1.936470134535203114e+00 0.000000000000000000e+00
8.163845911290059654e-01 0.000000000000000000e+00
1.382790909797430912e+00 0.000000000000000000e+00
1.139372574640759694e+00 0.000000000000000000e+00
4.267524752754465744e-01 0.000000000000000000e+00
1.923156190895398021e+00 0.000000000000000000e+00
1.506402940688091663e+00 0.000000000000000000e+00
8.983880742340017989e-01 0.000000000000000000e+00
1.995168329270397445e+00 0.000000000000000000e+00
1.074812144725338037e+00 0.000000000000000000e+00
6.047521788898387873e-01 0.000000000000000000e+00
1.611548361694549181e+00 0.000000000000000000e+00
7.690680924767439031e-01 0.000000000000000000e+00
2.482558434634542510e-01 0.000000000000000000e+00
1.054976891158889485e+00 0.000000000000000000e+00
7.672314020383926847e-01 0.000000000000000000e+00
1.881714394616223585e+00 0.000000000000000000e+00
1.041351941722189478e+00 0.000000000000000000e+00
5.753911534103268721e-01 0.000000000000000000e+00
7.383713337157918888e-01 0.000000000000000000e+00
7.937524547979176726e-01 0.000000000000000000e+00
3.901386310644928135e-01 0.000000000000000000e+00
2.221252964365885596e+00 0.000000000000000000e+00
1.629260619955542833e+00 0.000000000000000000e+00
1.152877256042324605e+00 0.000000000000000000e+00
4.621275286556285611e-01 0.000000000000000000e+00
1.714578872345847493e+00 0.000000000000000000e+00
6.938910226937884396e-01 0.000000000000000000e+00
1.983724213055587882e+00 0.000000000000000000e+00
1.477137835452793979e+00 0.000000000000000000e+00
1.096012502231168195e+00 0.000000000000000000e+00
1.283396272330780130e+00 0.000000000000000000e+00
1.672873409065947170e+00 0.000000000000000000e+00
1.595363360813425446e+00 0.000000000000000000e+00
1.354803816246826331e+00 0.000000000000000000e+00
4.128169189239540571e-01 0.000000000000000000e+00
1.417819483401993486e+00 0.000000000000000000e+00
1.622376396363583329e+00 0.000000000000000000e+00
1.443597353851140852e+00 0.000000000000000000e+00
1.005489896622425716e+00 0.000000000000000000e+00
1.877999551157815361e+00 0.000000000000000000e+00
1.169120040566753449e+00 0.000000000000000000e+00
1.734708933688277499e+00 0.000000000000000000e+00
1.263386831725854087e+00 0.000000000000000000e+00
4.395708811104885316e-01 0.000000000000000000e+00
1.419823912641699604e+00 0.000000000000000000e+00
1.449426598413579681e+00 0.000000000000000000e+00
1.330574635944366868e+00 0.000000000000000000e+00
1.826547055199115421e+00 0.000000000000000000e+00
1.607776522698102672e+00 0.000000000000000000e+00
1.481740855270461399e+00 0.000000000000000000e+00
1.588661218279994403e+00 0.000000000000000000e+00
1.028853466946738848e+00 0.000000000000000000e+00
1.641507213148576838e+00 0.000000000000000000e+00
5.229827165879807893e-01 0.000000000000000000e+00
2.287558128708682581e+00 0.000000000000000000e+00
1.070807257322079487e+00 0.000000000000000000e+00
4.799826358099466006e-01 0.000000000000000000e+00
7.306056000328009503e-01 0.000000000000000000e+00
1.368355348787546832e+00 0.000000000000000000e+00
2.176397833093987266e+00 0.000000000000000000e+00
2.492140500967979566e+00 0.000000000000000000e+00
1.764768407235279835e+00 0.000000000000000000e+00
9.261986989695997208e-01 0.000000000000000000e+00
1.198168201160702884e+00 0.000000000000000000e+00
3.755978706402743339e-01 0.000000000000000000e+00
2.506895710430081969e+00 0.000000000000000000e+00
2.911318852557904235e-01 0.000000000000000000e+00
1.538990757588986957e+00 0.000000000000000000e+00
2.913266720223583461e-01 0.000000000000000000e+00
1.048814578227647232e+00 0.000000000000000000e+00
4.679969167679531306e-01 0.000000000000000000e+00
1.230767365674642067e+00 0.000000000000000000e+00
1.083468441967816442e+00 0.000000000000000000e+00
2.354835363154058836e+00 0.000000000000000000e+00
1.375701077713423093e+00 0.000000000000000000e+00
2.062706168016801289e+00 0.000000000000000000e+00
7.787634801724503397e-01 0.000000000000000000e+00
9.029370298076653256e-01 0.000000000000000000e+00
2.151643003414196897e+00 0.000000000000000000e+00
1.274749668203110531e+00 0.000000000000000000e+00
1.177885719046814827e+00 0.000000000000000000e+00
1.297764331346320299e+00 0.000000000000000000e+00
2.257171147879788453e-01 0.000000000000000000e+00
1.934000128098861904e+00 0.000000000000000000e+00
2.327760987587289332e+00 0.000000000000000000e+00
1.498206523409599367e+00 0.000000000000000000e+00
7.390136858293290256e-01 0.000000000000000000e+00
1.337671425249807866e+00 0.000000000000000000e+00
1.338231911320333367e+00 0.000000000000000000e+00
1.593740579149529601e+00 0.000000000000000000e+00
2.527000546991079677e+00 0.000000000000000000e+00
6.168246061202069530e-01 0.000000000000000000e+00
2.234217798845261171e+00 0.000000000000000000e+00
2.927321326371468579e+00 0.000000000000000000e+00
2.119949149717426540e+00 0.000000000000000000e+00
1.397328270438420672e+00 0.000000000000000000e+00
2.868011044282357869e+00 0.000000000000000000e+00
2.006045783260536286e+00 0.000000000000000000e+00
1.944992291242990667e+00 0.000000000000000000e+00
1.149565070014099799e+00 0.000000000000000000e+00
1.079850831319010718e+00 0.000000000000000000e+00
1.656159281305161324e+00 0.000000000000000000e+00
1.814301849096512376e+00 0.000000000000000000e+00
3.086735518923041877e+00 1.000000000000000000e+00
4.667811995627436872e+00 1.000000000000000000e+00
5.031305214674492987e+00 1.000000000000000000e+00
4.023040090942381575e+00 1.000000000000000000e+00
1.920893366124523327e+00 1.000000000000000000e+00
1.079347606348085797e+00 0.000000000000000000e+00
8.685491500327110481e-01 0.000000000000000000e+00
6.252768014406513419e-01 0.000000000000000000e+00
3.921222578438720241e+00 1.000000000000000000e+00
7.131405458936757036e-01 0.000000000000000000e+00
7.612664392607622066e-01 0.000000000000000000e+00
8.490870231169425075e-01 0.000000000000000000e+00
5.758143299320225283e-01 0.000000000000000000e+00
1.869467733200450565e+00 0.000000000000000000e+00
1.100110074204772248e+00 0.000000000000000000e+00
1.361518777826967286e+00 0.000000000000000000e+00
2.083976215033348289e+00 0.000000000000000000e+00
4.214973479271954537e-01 0.000000000000000000e+00
1.551785027293373087e+00 0.000000000000000000e+00
1.747442859037515950e+00 0.000000000000000000e+00
2.059792151439369334e+00 0.000000000000000000e+00
2.971682142199978838e+00 0.000000000000000000e+00
2.343719907145068504e+00 0.000000000000000000e+00
1.270307637348248253e+00 0.000000000000000000e+00
1.429944386835096504e+00 0.000000000000000000e+00
2.014838110237934909e+00 0.000000000000000000e+00
1.547759358933989304e+00 0.000000000000000000e+00
2.196339280505599678e+00 0.000000000000000000e+00
2.319431554421419461e-01 0.000000000000000000e+00
1.669666420602926360e+00 0.000000000000000000e+00
1.976631473023975127e+00 0.000000000000000000e+00
9.843957395133970945e-01 0.000000000000000000e+00
3.449542071682931699e-01 0.000000000000000000e+00
3.368283910549754734e-01 0.000000000000000000e+00
2.800120238814614471e+00 0.000000000000000000e+00
1.106450319220823042e+00 0.000000000000000000e+00
3.496504396813968074e-01 0.000000000000000000e+00
1.065246493918170945e+00 0.000000000000000000e+00
6.941023346697068330e-01 0.000000000000000000e+00
2.124968101207952653e+00 0.000000000000000000e+00
2.914125169132444348e+00 0.000000000000000000e+00
4.574751458756859956e-01 0.000000000000000000e+00
1.405029508621731704e+00 0.000000000000000000e+00
1.064357758888724970e+00 0.000000000000000000e+00
1.516565978288364258e+00 0.000000000000000000e+00
2.195964832062057948e+00 0.000000000000000000e+00
2.235402590709076875e+00 0.000000000000000000e+00
7.781942858809405283e-01 0.000000000000000000e+00
1.788554201959569712e+00 0.000000000000000000e+00
1.320358148959604350e+00 0.000000000000000000e+00
2.987011121178483886e-01 0.000000000000000000e+00
1.336170800901387290e+00 0.000000000000000000e+00
3.919905713945870396e-01 0.000000000000000000e+00
7.558479594682988578e-01 0.000000000000000000e+00
1.005938573339325570e+00 0.000000000000000000e+00
1.456939128780660564e+00 0.000000000000000000e+00
1.542061109831293964e+00 0.000000000000000000e+00
1.029346331507059009e+00 0.000000000000000000e+00
9.680889350993236997e-01 0.000000000000000000e+00
2.532616482907925626e-01 0.000000000000000000e+00
8.123853160067882051e-01 0.000000000000000000e+00
1.192122312839970943e+00 0.000000000000000000e+00
1.674927642336075051e+00 0.000000000000000000e+00
4.356110139258207448e-01 0.000000000000000000e+00
1.106694672980129912e+00 0.000000000000000000e+00
9.607502198315981401e-01 0.000000000000000000e+00
7.256847164591557764e-01 0.000000000000000000e+00
6.924643687098369638e-01 0.000000000000000000e+00
9.017644362405828895e-01 0.000000000000000000e+00
8.311174457609521449e-01 0.000000000000000000e+00
1.022853408663229047e+00 0.000000000000000000e+00
1.112691718596208634e+00 0.000000000000000000e+00
6.630363481150218785e-01 0.000000000000000000e+00
1.341470029682857001e+00 0.000000000000000000e+00
1.206242483087852202e+00 0.000000000000000000e+00
2.179928516018289353e-01 0.000000000000000000e+00
2.340223280312272447e+00 0.000000000000000000e+00
2.446716991376168160e+00 0.000000000000000000e+00
2.221165858109380498e+00 0.000000000000000000e+00
1.901804908030153007e-01 0.000000000000000000e+00
1.774574228496198947e+00 0.000000000000000000e+00
4.028126637881435657e-01 0.000000000000000000e+00
2.064975974572888617e+00 0.000000000000000000e+00
1.194671246258994346e+00 0.000000000000000000e+00
1.372896119130565085e+00 0.000000000000000000e+00
6.443102871731226644e-01 0.000000000000000000e+00
3.933177669083634531e-01 0.000000000000000000e+00
1.064082680298912287e+00 0.000000000000000000e+00
6.114325052219633100e-02 0.000000000000000000e+00
1.208624305618076100e+00 0.000000000000000000e+00
8.048912276828532608e-01 0.000000000000000000e+00
9.668930114146797594e-01 0.000000000000000000e+00
1.558610345957355259e+00 0.000000000000000000e+00
1.336232259792847543e+00 0.000000000000000000e+00
1.165686399596656209e+00 0.000000000000000000e+00
1.953835587670734952e+00 0.000000000000000000e+00
1.469766526690876152e+00 0.000000000000000000e+00
5.621964252858385747e-01 0.000000000000000000e+00
1.053238929435729165e+00 0.000000000000000000e+00
2.046073377041288666e+00 0.000000000000000000e+00
1.224590569156728037e+00 0.000000000000000000e+00
4.511916267822075888e-01 0.000000000000000000e+00
1.846011637625728952e+00 0.000000000000000000e+00
2.107461023480675433e+00 0.000000000000000000e+00
1.125183252290620439e+00 0.000000000000000000e+00
4.378199509716231286e-01 0.000000000000000000e+00
5.007530040488848977e-01 0.000000000000000000e+00
1.095420244010696376e+00 0.000000000000000000e+00
9.843437310109348637e-01 0.000000000000000000e+00
1.349861195099562705e+00 0.000000000000000000e+00
1.835424367865396533e+00 0.000000000000000000e+00
1.108046573396143319e+00 0.000000000000000000e+00
1.020322995034997460e+00 0.000000000000000000e+00
4.041264543029786438e+00 1.000000000000000000e+00
2.855721071042863102e+00 0.000000000000000000e+00
1.734752603544120197e-01 0.000000000000000000e+00
7.022048076851014065e-01 0.000000000000000000e+00
2.340323710706002647e+00 0.000000000000000000e+00
1.451173701957480411e+00 0.000000000000000000e+00
1.989467435272323836e+00 0.000000000000000000e+00
4.106736936134933735e-01 0.000000000000000000e+00
1.408890029466556726e+00 0.000000000000000000e+00
1.608179663553485517e+00 0.000000000000000000e+00
8.377736711299836880e-01 0.000000000000000000e+00
1.678394698979431388e+00 0.000000000000000000e+00
1.682853392555516248e+00 0.000000000000000000e+00
6.727281459103182648e-01 0.000000000000000000e+00
1.194789781529930206e+00 0.000000000000000000e+00
8.620944269248872471e-01 0.000000000000000000e+00
1.894574357015813115e+00 0.000000000000000000e+00
1.268398505492689399e+00 0.000000000000000000e+00
2.446460646737917077e+00 0.000000000000000000e+00
2.851802882724667310e+00 0.000000000000000000e+00
1.111117362647140894e+00 0.000000000000000000e+00
1.731528614208418970e+00 0.000000000000000000e+00
1.044096179076326347e+00 0.000000000000000000e+00
1.349552314574349099e+00 0.000000000000000000e+00
1.778044841084728267e+00 0.000000000000000000e+00
2.084111111877518407e+00 0.000000000000000000e+00
2.521502541563315880e+00 0.000000000000000000e+00
7.784424057783907447e-01 0.000000000000000000e+00
9.548656754003922442e-01 0.000000000000000000e+00
1.081917688858335502e+00 0.000000000000000000e+00
9.384396629478441998e-01 0.000000000000000000e+00
1.812195150928243903e+00 0.000000000000000000e+00
2.286499072236120256e+00 0.000000000000000000e+00
1.002278816438965547e+00 0.000000000000000000e+00
1.153553178442135563e+00 0.000000000000000000e+00
2.583735218791854749e+00 0.000000000000000000e+00
3.650968159923962730e+00 0.000000000000000000e+00
1.363455647440199092e+00 0.000000000000000000e+00
1.663229938711207945e+00 0.000000000000000000e+00
9.499866831136590806e-01 0.000000000000000000e+00
1.639716853891999504e+00 0.000000000000000000e+00
2.490948379623225961e-01 0.000000000000000000e+00
4.112435878010389234e-01 0.000000000000000000e+00
9.787742078826345837e-01 0.000000000000000000e+00
1.216639112076706164e+00 0.000000000000000000e+00
7.409113193089964522e-01 0.000000000000000000e+00
2.049171822503581097e+00 0.000000000000000000e+00
5.296070382594481041e-01 0.000000000000000000e+00
6.285048875343687280e-01 0.000000000000000000e+00
8.357351066208267287e-01 0.000000000000000000e+00
5.718836218883238676e-01 0.000000000000000000e+00
7.923150096904212347e-01 0.000000000000000000e+00
2.745066904350140224e-01 0.000000000000000000e+00
1.079014533746407434e+00 0.000000000000000000e+00
8.543242864622898614e-01 0.000000000000000000e+00
1.347284332656995431e+00 0.000000000000000000e+00
9.963783231587841627e-01 0.000000000000000000e+00
1.744308400780460122e+00 0.000000000000000000e+00
1.612909672837485209e+00 0.000000000000000000e+00
3.103740346279534323e-01 0.000000000000000000e+00
1.040282697889862717e+00 0.000000000000000000e+00
1.767214935380589713e+00 0.000000000000000000e+00
1.010594334961191665e+00 0.000000000000000000e+00
2.898458155967616801e+00 0.000000000000000000e+00
8.636459407908484431e-01 0.000000000000000000e+00
9.520635034982625200e-01 0.000000000000000000e+00
8.650776295047620801e-01 0.000000000000000000e+00
1.684687312753524902e+00 0.000000000000000000e+00
9.202097901250816392e-01 0.000000000000000000e+00
9.035694795860140793e-01 0.000000000000000000e+00
9.428303198176527511e-01 0.000000000000000000e+00
1.567356628235188287e+00 0.000000000000000000e+00
1.621255906209329023e+00 0.000000000000000000e+00
7.205546517091619974e-01 0.000000000000000000e+00
2.402725928657134524e+00 0.000000000000000000e+00
1.610070652450505679e-01 0.000000000000000000e+00
6.638851217159879026e-01 0.000000000000000000e+00
4.802620415423212719e-01 0.000000000000000000e+00
1.274437151398541967e+00 0.000000000000000000e+00
1.693874701515991843e+00 0.000000000000000000e+00
1.226382897326112387e+00 0.000000000000000000e+00
3.044486335896103402e+00 0.000000000000000000e+00
1.495630209707223601e+00 0.000000000000000000e+00
5.761754097288431797e-01 0.000000000000000000e+00
1.224995071600512464e+00 0.000000000000000000e+00
1.780445272488305086e+00 0.000000000000000000e+00
1.128978611381084241e+00 0.000000000000000000e+00
1.261948100758518043e+00 0.000000000000000000e+00
7.446475184736334185e-01 0.000000000000000000e+00
1.890766339227930803e+00 0.000000000000000000e+00
1.749838533277068953e+00 0.000000000000000000e+00
3.380154591323066837e-01 0.000000000000000000e+00
8.285002145330987444e-01 0.000000000000000000e+00
2.358829951425852389e+00 0.000000000000000000e+00
1.593148831367945828e+00 0.000000000000000000e+00
5.804307468517080348e-01 0.000000000000000000e+00
7.586774520622512341e-01 0.000000000000000000e+00
2.218812990513942818e-01 0.000000000000000000e+00
1.649222843964382124e+00 0.000000000000000000e+00
4.815903026292204792e-01 0.000000000000000000e+00
1.054693539517697287e+00 0.000000000000000000e+00
1.874223383724491931e+00 0.000000000000000000e+00
4.534911088859616690e-01 0.000000000000000000e+00
1.539199664142329560e+00 0.000000000000000000e+00
5.117259060001868587e-01 0.000000000000000000e+00
2.522222973837259463e+00 0.000000000000000000e+00
1.861131780658309864e+00 0.000000000000000000e+00
8.050729513996696118e-01 0.000000000000000000e+00
1.422563655481211553e+00 0.000000000000000000e+00
1.705130449547060500e+00 0.000000000000000000e+00
6.561322827891545861e-01 0.000000000000000000e+00
1.340100488139090329e+00 0.000000000000000000e+00
9.084931481539499920e-01 0.000000000000000000e+00
1.915621230229819227e+00 0.000000000000000000e+00
1.110654319661352973e+00 0.000000000000000000e+00
1.005066410123152787e+00 0.000000000000000000e+00
1.385733696976549023e+00 0.000000000000000000e+00
6.401764891204180241e-01 0.000000000000000000e+00
1.747792494266834806e+00 0.000000000000000000e+00
3.418804982870208287e-01 0.000000000000000000e+00
4.678651621033030894e-01 0.000000000000000000e+00
1.010792746522786167e+00 0.000000000000000000e+00
1.150894004781380930e+00 0.000000000000000000e+00
5.267954967960513102e-01 0.000000000000000000e+00
7.725461341569529461e-01 0.000000000000000000e+00
2.471939840648329056e+00 0.000000000000000000e+00
1.624432896521822434e+00 0.000000000000000000e+00
1.347135593488408833e+00 0.000000000000000000e+00
5.758009127604071242e-01 0.000000000000000000e+00
1.694523945366276596e+00 0.000000000000000000e+00
1.570175489460380991e+00 0.000000000000000000e+00
1.976707649390220478e+00 0.000000000000000000e+00
5.822462744565978232e-01 0.000000000000000000e+00
4.107914274295136892e-01 0.000000000000000000e+00
6.216470276881223000e-01 0.000000000000000000e+00
1.402506984889317243e+00 0.000000000000000000e+00
6.935080379436873166e-01 0.000000000000000000e+00
2.947719677748615208e+00 0.000000000000000000e+00
4.738997150556182314e-01 0.000000000000000000e+00
1.182947858100087818e-01 0.000000000000000000e+00
1.445826621018793334e+00 0.000000000000000000e+00
6.614020049697942882e-01 0.000000000000000000e+00
1.221396840936861850e+00 0.000000000000000000e+00
4.006795383177661485e-01 0.000000000000000000e+00
1.243981364236176779e+00 0.000000000000000000e+00
1.875705831157132186e+00 0.000000000000000000e+00
2.034031039130436813e+00 0.000000000000000000e+00
2.620793509259449650e+00 0.000000000000000000e+00
1.110391285540167861e+00 0.000000000000000000e+00
8.067902337432822923e-01 0.000000000000000000e+00
1.262136952006813972e+00 0.000000000000000000e+00
9.706083217749951197e-01 0.000000000000000000e+00
1.605053842361757521e+00 0.000000000000000000e+00
1.600299849070178082e+00 0.000000000000000000e+00
1.743947000003210901e+00 0.000000000000000000e+00
2.513935989193260667e+00 0.000000000000000000e+00
1.793867429779901546e+00 0.000000000000000000e+00
1.865966951695919196e+00 0.000000000000000000e+00
1.705703606284932228e+00 0.000000000000000000e+00
1.802698387929116519e+00 0.000000000000000000e+00
1.804462529395443493e+00 0.000000000000000000e+00
1.310236567359731152e+00 0.000000000000000000e+00
9.191657789651039856e-01 0.000000000000000000e+00
1.477344433727682649e+00 0.000000000000000000e+00
9.646411261528589076e-01 0.000000000000000000e+00
5.805026797584434961e-01 0.000000000000000000e+00
6.415993491032431217e-01 0.000000000000000000e+00
1.274675000238044698e+00 0.000000000000000000e+00
1.148579557354642899e+00 0.000000000000000000e+00
1.117535346555911691e+00 0.000000000000000000e+00
1.078773583876672770e+00 0.000000000000000000e+00
5.278215896680661379e-01 0.000000000000000000e+00
1.473174045996639592e+00 0.000000000000000000e+00
1.509243669725938597e+00 0.000000000000000000e+00
1.329496205405879872e+00 0.000000000000000000e+00
8.867390012479776651e-01 0.000000000000000000e+00
2.226531439733026030e+00 0.000000000000000000e+00
3.031653189858179998e-01 0.000000000000000000e+00
1.996503749551239437e+00 0.000000000000000000e+00
5.907979315212759097e-01 0.000000000000000000e+00
1.650618140653595134e+00 0.000000000000000000e+00
6.295084693499110040e-01 0.000000000000000000e+00
8.990655788571195739e-01 0.000000000000000000e+00
7.765147265722035508e-01 0.000000000000000000e+00
2.284895609899102009e+00 0.000000000000000000e+00
2.265145026597464639e+00 0.000000000000000000e+00
1.104142176495500394e+00 0.000000000000000000e+00
3.363033863369081722e+00 0.000000000000000000e+00
6.998511486449769947e-01 0.000000000000000000e+00
1.835925456936049194e-01 0.000000000000000000e+00
1.155697181796601081e+00 0.000000000000000000e+00
7.545725774732009450e-01 0.000000000000000000e+00
1.215769221415883283e+00 0.000000000000000000e+00
2.092782413541560693e-01 0.000000000000000000e+00
1.218444555722348888e+00 0.000000000000000000e+00
9.348646432634656334e-01 0.000000000000000000e+00
1.775530692234328800e+00 0.000000000000000000e+00
8.128409920689295687e-01 0.000000000000000000e+00
1.527483453373089661e+00 0.000000000000000000e+00
1.053356427594335010e+00 0.000000000000000000e+00
6.007230712568969455e-01 0.000000000000000000e+00
2.046248275940914851e+00 0.000000000000000000e+00
1.571644079928915527e+00 0.000000000000000000e+00
6.014137100758943921e-01 0.000000000000000000e+00
2.012831151402899366e+00 0.000000000000000000e+00
5.809143293177789769e-01 0.000000000000000000e+00
6.193794933262174451e-01 0.000000000000000000e+00
1.301233440850909417e+00 0.000000000000000000e+00
1.067946022704498343e+00 0.000000000000000000e+00
1.097912388878965251e+00 0.000000000000000000e+00
1.100534930547376611e+00 0.000000000000000000e+00
1.234293874064347651e+00 0.000000000000000000e+00
1.168559317189216129e+00 0.000000000000000000e+00
7.970436739668818049e-01 0.000000000000000000e+00
2.890441765295033161e+00 0.000000000000000000e+00
1.686839502224263709e+00 0.000000000000000000e+00
1.521712145723752574e+00 0.000000000000000000e+00
1.274538808831683578e+00 0.000000000000000000e+00
1.133872921714449422e-01 0.000000000000000000e+00
7.587379516282218850e-01 0.000000000000000000e+00
1.652182059339859732e+00 0.000000000000000000e+00
1.727238883121157142e+00 0.000000000000000000e+00
1.564567716145408571e+00 0.000000000000000000e+00
5.362729760044218086e-01 0.000000000000000000e+00
4.310322381054988439e-01 0.000000000000000000e+00
7.642474151306867247e-01 0.000000000000000000e+00
1.163448365174206023e+00 0.000000000000000000e+00
1.430800251875936402e+00 0.000000000000000000e+00
1.088485374345550705e+00 0.000000000000000000e+00
1.296125164958912945e+00 0.000000000000000000e+00
1.791012169877134630e+00 0.000000000000000000e+00
1.339265833874071276e+00 0.000000000000000000e+00
1.394806697054011835e+00 0.000000000000000000e+00
1.587222507553002648e+00 0.000000000000000000e+00
1.024890134714693701e+00 0.000000000000000000e+00
1.147585063630961688e+00 0.000000000000000000e+00
2.700424878917830340e-01 0.000000000000000000e+00
1.684919196914456352e+00 0.000000000000000000e+00
5.425902422738475561e-01 0.000000000000000000e+00
8.009950064794111313e-01 0.000000000000000000e+00
1.065669880853698182e+00 0.000000000000000000e+00
4.694475514877478051e-01 0.000000000000000000e+00
1.432129853010178255e+00 0.000000000000000000e+00
1.343161318121776748e+00 0.000000000000000000e+00
1.130942252275648929e+00 0.000000000000000000e+00
2.673521366235933172e+00 0.000000000000000000e+00
1.253445132870693701e+00 0.000000000000000000e+00
1.481927556836383220e+00 0.000000000000000000e+00
1.438879583842996857e+00 0.000000000000000000e+00
9.330589427184363682e-01 0.000000000000000000e+00
1.284121046567873625e+00 0.000000000000000000e+00
1.408692162072951115e+00 0.000000000000000000e+00
1.068641066600997558e+00 0.000000000000000000e+00
2.158319529395843261e+00 0.000000000000000000e+00
1.308800622834183747e+00 0.000000000000000000e+00
5.767377182965540694e-01 0.000000000000000000e+00
4.516801885043078557e-01 0.000000000000000000e+00
2.366908679309255081e+00 0.000000000000000000e+00
2.396280148025781376e+00 0.000000000000000000e+00
6.198741391738925577e-01 0.000000000000000000e+00
9.082258548998487502e-01 0.000000000000000000e+00
9.746211409272481641e-01 0.000000000000000000e+00
2.264876287207123973e+00 0.000000000000000000e+00
9.901650415510668823e-01 0.000000000000000000e+00
1.540059100527676694e+00 0.000000000000000000e+00
2.292377700202103519e+00 0.000000000000000000e+00
3.766711369799216058e-01 0.000000000000000000e+00
8.206823634110619325e-01 0.000000000000000000e+00
1.001581470099212945e+00 0.000000000000000000e+00
1.250196988060889192e+00 0.000000000000000000e+00
1.236289383080367843e+00 0.000000000000000000e+00
7.019948628674224089e-01 0.000000000000000000e+00
9.814907164912549664e-01 0.000000000000000000e+00
2.198482340833290749e+00 0.000000000000000000e+00
1.969980253445583029e+00 0.000000000000000000e+00
9.870662018890257183e-01 0.000000000000000000e+00
1.226302208206172084e+00 0.000000000000000000e+00
1.986801057375534363e+00 0.000000000000000000e+00
1.208272802147824621e+00 0.000000000000000000e+00
1.384537427054237879e+00 0.000000000000000000e+00
1.191484677491953192e+00 0.000000000000000000e+00
7.708736540021626782e-01 0.000000000000000000e+00
1.276691130760102766e+00 0.000000000000000000e+00
2.188340204414020551e+00 0.000000000000000000e+00
1.601131445734506498e+00 0.000000000000000000e+00
7.315981598845061606e-01 0.000000000000000000e+00
1.081644447855188096e+00 0.000000000000000000e+00
1.166884403307612006e+00 0.000000000000000000e+00
8.098854658390848282e-01 0.000000000000000000e+00
1.784682388700984168e+00 0.000000000000000000e+00
1.393315261255906545e+00 0.000000000000000000e+00
1.083935961584014951e+00 0.000000000000000000e+00
1.104570661420004596e+00 0.000000000000000000e+00
1.768000039128886147e+00 0.000000000000000000e+00
1.061804015036501125e+00 0.000000000000000000e+00
1.144345063379266891e+00 0.000000000000000000e+00
1.632818270362172308e+00 0.000000000000000000e+00
1.781951966276020816e+00 0.000000000000000000e+00
7.235230791806259720e-01 0.000000000000000000e+00
5.496486770902114793e-01 0.000000000000000000e+00
1.228612227940930612e+00 0.000000000000000000e+00
9.158622896900854293e-01 0.000000000000000000e+00
1.829367661436541281e+00 0.000000000000000000e+00
1.655749146775187697e+00 0.000000000000000000e+00
7.764019253055784997e-01 0.000000000000000000e+00
3.784907321691370896e-01 0.000000000000000000e+00
8.823388587714271480e-01 0.000000000000000000e+00
1.268362897636369446e+00 0.000000000000000000e+00
3.535151956769367887e-01 0.000000000000000000e+00
6.659457430621578133e-01 0.000000000000000000e+00
1.666327067598371681e+00 0.000000000000000000e+00
1.099753801160531008e+00 0.000000000000000000e+00
4.664449157097696474e-01 0.000000000000000000e+00
1.562992134062586302e+00 0.000000000000000000e+00
1.242111604317261087e+00 0.000000000000000000e+00
1.295386737144802736e-01 0.000000000000000000e+00
5.238132279589156060e-01 0.000000000000000000e+00
1.475921940597284099e+00 0.000000000000000000e+00
1.787889169040952853e+00 0.000000000000000000e+00
1.646042104059170619e+00 0.000000000000000000e+00
1.744328322296136546e+00 0.000000000000000000e+00
1.982051934080151012e+00 0.000000000000000000e+00
1.801448281688229569e+00 0.000000000000000000e+00
2.690303100824886329e+00 0.000000000000000000e+00
5.970443758960165548e-01 0.000000000000000000e+00
1.904231104842552647e+00 0.000000000000000000e+00
3.179538270507841435e+00 0.000000000000000000e+00
1.102989119449709454e+00 0.000000000000000000e+00
9.127054642384746508e-01 0.000000000000000000e+00
1.526211039081515120e+00 0.000000000000000000e+00
3.846340119762938770e-01 0.000000000000000000e+00
7.331378641276260488e-01 0.000000000000000000e+00
9.844830755939080191e-01 0.000000000000000000e+00
1.169086008293410250e+00 0.000000000000000000e+00
2.748626303332287524e+00 0.000000000000000000e+00
1.614270995927121310e+00 0.000000000000000000e+00
8.640744895067304920e-01 0.000000000000000000e+00
1.224833162895486716e+00 0.000000000000000000e+00
2.702373741324362921e+00 0.000000000000000000e+00
2.414937410298808373e+00 0.000000000000000000e+00
2.066944731981697814e+00 0.000000000000000000e+00
1.781078155744716840e+00 0.000000000000000000e+00
1.984281271282414494e+00 0.000000000000000000e+00
8.284789754157817487e-01 0.000000000000000000e+00
1.485093614526456163e+00 0.000000000000000000e+00
2.168671817155969350e+00 0.000000000000000000e+00
2.802590120424561584e-02 0.000000000000000000e+00
2.235230005273498133e+00 0.000000000000000000e+00
1.454986678793508847e+00 0.000000000000000000e+00
9.684285569912174374e-01 0.000000000000000000e+00
1.014458511084882497e+00 0.000000000000000000e+00
8.093373986887483218e-01 0.000000000000000000e+00
1.455195201023864238e+00 0.000000000000000000e+00
1.164671461057768198e+00 0.000000000000000000e+00
2.611562451711941346e+00 0.000000000000000000e+00
7.781516852217403857e-01 0.000000000000000000e+00
1.149632977950460155e+00 0.000000000000000000e+00
1.650745302145343318e+00 0.000000000000000000e+00
1.220879764703838521e+00 0.000000000000000000e+00
1.897794167120673059e+00 0.000000000000000000e+00
1.300415233859523179e+00 0.000000000000000000e+00
3.967674446247814180e-01 0.000000000000000000e+00
1.273319548041075056e+00 0.000000000000000000e+00
9.287207858989612874e-02 0.000000000000000000e+00
1.836299898931897046e+00 0.000000000000000000e+00
1.277467009230227379e+00 0.000000000000000000e+00
8.044466850791439638e-01 0.000000000000000000e+00
1.208796755842374004e+00 0.000000000000000000e+00
8.829149774756617219e-01 0.000000000000000000e+00
8.045890317865472818e-01 0.000000000000000000e+00
8.275064859396630279e-01 0.000000000000000000e+00
3.012182388248192955e-01 0.000000000000000000e+00
1.195825715649535770e+00 0.000000000000000000e+00
1.344110306472003025e+00 0.000000000000000000e+00
1.660748083923512031e+00 0.000000000000000000e+00
2.208511200684326159e+00 0.000000000000000000e+00
2.003584286294461059e+00 0.000000000000000000e+00
3.420628384680115541e+00 0.000000000000000000e+00
1.827812292931542570e+00 0.000000000000000000e+00
1.616832644925470852e+00 0.000000000000000000e+00
1.794669158742496995e+00 0.000000000000000000e+00
1.506989806020585299e+00 0.000000000000000000e+00
2.090542144533532376e+00 0.000000000000000000e+00
6.066090944630079251e-01 0.000000000000000000e+00
1.075032968862468907e+00 0.000000000000000000e+00
1.174962037874856868e+00 0.000000000000000000e+00
1.377411872584350494e+00 0.000000000000000000e+00
1.242607322414632565e+00 0.000000000000000000e+00
2.195946202767062427e+00 0.000000000000000000e+00
1.986401342582050145e+00 0.000000000000000000e+00
1.046369909155372646e+00 0.000000000000000000e+00
3.212633614773462432e-01 0.000000000000000000e+00
2.313413697266646363e+00 0.000000000000000000e+00
2.057976630617823766e+00 0.000000000000000000e+00
1.110407724655073203e+00 0.000000000000000000e+00
5.872491018483642078e-01 0.000000000000000000e+00
5.937331463818303900e-01 0.000000000000000000e+00
2.866386122310331963e+00 0.000000000000000000e+00
1.654368959298055053e+00 0.000000000000000000e+00
1.178311316741806003e+00 0.000000000000000000e+00
2.018605367682912988e+00 0.000000000000000000e+00
2.015335349618453620e+00 0.000000000000000000e+00
1.706534664842219051e+00 0.000000000000000000e+00
3.487883357927015204e-01 0.000000000000000000e+00
9.162705634750299977e-01 0.000000000000000000e+00
1.121641591125087878e+00 0.000000000000000000e+00
5.011567597271142649e-01 0.000000000000000000e+00
5.766179839071872149e-01 0.000000000000000000e+00
6.537127419659869432e-01 0.000000000000000000e+00
3.399130548059240975e-01 0.000000000000000000e+00
6.666463942718795499e-01 0.000000000000000000e+00
4.866515819570978452e-01 0.000000000000000000e+00
9.768349759046932590e-01 0.000000000000000000e+00
3.154036119854579212e+00 0.000000000000000000e+00
4.066457611645279413e-01 0.000000000000000000e+00
1.381011803624877077e+00 0.000000000000000000e+00
1.614390845492239546e+00 0.000000000000000000e+00
2.393996313272936494e+00 0.000000000000000000e+00
1.937173684865081569e+00 0.000000000000000000e+00
4.033797753453818302e-01 0.000000000000000000e+00
6.012557122537981469e-01 0.000000000000000000e+00
1.503422878426618814e+00 0.000000000000000000e+00
1.113058472970282820e+00 0.000000000000000000e+00
1.077768324385737886e+00 0.000000000000000000e+00
7.597380926097568876e-01 0.000000000000000000e+00
1.713469586341557493e-01 0.000000000000000000e+00
4.255101249413464348e-01 0.000000000000000000e+00
1.079632881885644435e+00 0.000000000000000000e+00
1.739904227768844125e+00 0.000000000000000000e+00
2.232441465955913085e+00 0.000000000000000000e+00
1.255880866828799736e+00 0.000000000000000000e+00
6.390714730775663988e-01 0.000000000000000000e+00
1.192815782447846473e+00 0.000000000000000000e+00
2.103677868821620667e+00 0.000000000000000000e+00
9.329835095059584305e-01 0.000000000000000000e+00
2.342587549079384601e+00 0.000000000000000000e+00
1.251994336279413034e+00 0.000000000000000000e+00
2.232024088658019600e+00 0.000000000000000000e+00
1.681566789350948721e+00 0.000000000000000000e+00
1.677343361805152533e+00 0.000000000000000000e+00
1.374912671330975389e+00 0.000000000000000000e+00
2.245582084242088161e+00 0.000000000000000000e+00
1.058312954545492568e+00 0.000000000000000000e+00
2.022291056566704270e+00 0.000000000000000000e+00
1.566666981811338788e+00 0.000000000000000000e+00
4.293382556139616613e-01 0.000000000000000000e+00
1.291039865553742727e+00 0.000000000000000000e+00
2.541614887045518412e+00 0.000000000000000000e+00
3.738622941342960582e-01 0.000000000000000000e+00
1.379190882482469238e+00 0.000000000000000000e+00
4.997616057296252468e-01 0.000000000000000000e+00
2.643582110364969817e-01 0.000000000000000000e+00
1.996264372758143335e-01 0.000000000000000000e+00
1.237265711328487727e+00 0.000000000000000000e+00
2.131579709630670449e-01 0.000000000000000000e+00
1.639292484188390464e-01 0.000000000000000000e+00
9.097887283838599348e-01 0.000000000000000000e+00
2.170176214841585516e+00 0.000000000000000000e+00
1.840053397109428779e-01 0.000000000000000000e+00
2.804224536107402965e+00 0.000000000000000000e+00
2.194528886210882934e+00 0.000000000000000000e+00
8.692176507116605721e-01 0.000000000000000000e+00
2.633319074989149966e-01 0.000000000000000000e+00
1.737041136404754438e+00 0.000000000000000000e+00
6.679417781061459669e-01 0.000000000000000000e+00
2.318328837158567080e+00 0.000000000000000000e+00
6.360210833858939150e-01 0.000000000000000000e+00
1.490264422201670103e+00 0.000000000000000000e+00
2.127988945217233585e+00 0.000000000000000000e+00
2.514909196484679921e+00 0.000000000000000000e+00
2.654494463051149999e+00 0.000000000000000000e+00
2.461321403758292892e+00 0.000000000000000000e+00
1.570244688944012035e+00 0.000000000000000000e+00
1.589531391173523600e+00 0.000000000000000000e+00
4.290665463972941907e-01 0.000000000000000000e+00
2.693777706858166976e+00 0.000000000000000000e+00
6.461097061765058713e-01 0.000000000000000000e+00
2.031922436533561693e-01 0.000000000000000000e+00
1.052063961055455854e+00 0.000000000000000000e+00
6.533549468293091689e-01 0.000000000000000000e+00
3.896607029867757421e-01 0.000000000000000000e+00
8.486632031181118307e-01 0.000000000000000000e+00
3.842699745284126056e-01 0.000000000000000000e+00
2.107733586587352104e+00 0.000000000000000000e+00
2.607553042786895148e+00 0.000000000000000000e+00
3.276614990914189729e+00 0.000000000000000000e+00
1.355920181910834632e+00 0.000000000000000000e+00
1.988732705850727367e+00 0.000000000000000000e+00
3.074266422033498092e+00 0.000000000000000000e+00
1.109588691842354757e+00 0.000000000000000000e+00
2.456003188544560345e+00 0.000000000000000000e+00
2.002080999763294678e+00 0.000000000000000000e+00
4.511020484171617273e-01 0.000000000000000000e+00
1.852183330387902505e+00 0.000000000000000000e+00
2.341577160666453050e+00 0.000000000000000000e+00
1.905752885896097704e+00 0.000000000000000000e+00
2.501896308577080674e-01 0.000000000000000000e+00
1.757334594440709052e+00 0.000000000000000000e+00
6.164068200550929522e-01 0.000000000000000000e+00
1.380109984723284278e+00 0.000000000000000000e+00
1.286431020407602821e+00 0.000000000000000000e+00
6.728271693208021098e-01 0.000000000000000000e+00
1.443301988189630292e+00 0.000000000000000000e+00
1.140498007354179055e+00 0.000000000000000000e+00
6.703893356750624255e-01 0.000000000000000000e+00
2.936530233504881071e+00 0.000000000000000000e+00
2.100352280076166700e+00 0.000000000000000000e+00
1.059189926909925999e-01 0.000000000000000000e+00
1.094664088358636933e+00 0.000000000000000000e+00
7.362502863892413929e-01 0.000000000000000000e+00
1.654498358980791561e+00 0.000000000000000000e+00
1.017031610373494876e+00 0.000000000000000000e+00
4.913490696753383125e-01 0.000000000000000000e+00
2.179895602790580256e+00 0.000000000000000000e+00
2.082901255599947099e+00 0.000000000000000000e+00
1.107524382988558598e+00 0.000000000000000000e+00
2.134126661512511181e+00 0.000000000000000000e+00
1.144009964368271071e+00 0.000000000000000000e+00
3.097652962805270249e+00 0.000000000000000000e+00
1.735659742172194209e+00 0.000000000000000000e+00
6.380619492880502674e-01 0.000000000000000000e+00
2.320477276031317704e+00 0.000000000000000000e+00
1.552435804107574535e+00 0.000000000000000000e+00
7.958638473250120304e-01 0.000000000000000000e+00
1.550782348068296124e-01 0.000000000000000000e+00
1.496322773534251693e+00 0.000000000000000000e+00
1.550935778411830057e+00 0.000000000000000000e+00
2.204342042711731953e+00 0.000000000000000000e+00
1.581347712600965183e+00 0.000000000000000000e+00
1.521752470861728268e+00 0.000000000000000000e+00
2.060705988443138903e+00 0.000000000000000000e+00
7.090229043049217639e-01 0.000000000000000000e+00
2.485034605184598178e+00 0.000000000000000000e+00
1.146139075251586981e+00 0.000000000000000000e+00
5.124004057803329681e-01 0.000000000000000000e+00
6.661503432605074826e-01 0.000000000000000000e+00
1.106451613338788942e+00 0.000000000000000000e+00
1.327838391133909335e+00 0.000000000000000000e+00
1.225446313603760329e+00 0.000000000000000000e+00
2.267904590760306593e+00 0.000000000000000000e+00
1.745423662631501394e+00 0.000000000000000000e+00
2.043275493409676180e+00 0.000000000000000000e+00
5.063167563711238328e-01 0.000000000000000000e+00
1.656597158626647470e+00 0.000000000000000000e+00
1.854513147878587898e+00 0.000000000000000000e+00
7.403194476199406182e-01 0.000000000000000000e+00
1.265766834357931581e+00 0.000000000000000000e+00
1.401802906146039529e+00 0.000000000000000000e+00
2.887675933805669892e+00 0.000000000000000000e+00
1.732953358023708645e+00 0.000000000000000000e+00
4.325497865333494119e-01 0.000000000000000000e+00
6.906897976689965191e-01 0.000000000000000000e+00
1.331190112241816270e-01 0.000000000000000000e+00
6.314578741903080772e-01 0.000000000000000000e+00
1.430454472489209428e+00 0.000000000000000000e+00
2.205407940916203291e+00 0.000000000000000000e+00
2.188821667512549141e+00 0.000000000000000000e+00
7.900881446651103479e-01 0.000000000000000000e+00
9.132921528960463720e-01 0.000000000000000000e+00
1.048585033556313606e+00 0.000000000000000000e+00
1.260180472046681821e+00 0.000000000000000000e+00
8.255385018539499464e-01 0.000000000000000000e+00
1.085914815634739572e+00 0.000000000000000000e+00
3.714198991185211907e-01 0.000000000000000000e+00
7.635681407606237370e-01 0.000000000000000000e+00
4.987025588546797339e-01 0.000000000000000000e+00
5.819272343568545613e-01 0.000000000000000000e+00
1.180178269886501985e+00 0.000000000000000000e+00
4.841301417001724339e-01 0.000000000000000000e+00
1.986992164355455781e+00 0.000000000000000000e+00
6.038997559260899095e-01 0.000000000000000000e+00
1.615626889923328147e+00 0.000000000000000000e+00
9.217890470067670039e-01 0.000000000000000000e+00
4.826868438039312315e-01 0.000000000000000000e+00
8.828850724393327853e-01 0.000000000000000000e+00
3.651886192929861275e-01 0.000000000000000000e+00
2.348678035639365724e+00 0.000000000000000000e+00
4.476668960091204630e-01 0.000000000000000000e+00
2.001038260648388079e+00 0.000000000000000000e+00
3.027230473012569423e+00 0.000000000000000000e+00
7.224571525788660020e-01 0.000000000000000000e+00
4.380706307380023978e-01 0.000000000000000000e+00
1.331012858211979344e+00 0.000000000000000000e+00
1.375664044672950226e+00 0.000000000000000000e+00
2.023747937449675294e-01 0.000000000000000000e+00
7.855906536658211481e-01 0.000000000000000000e+00
4.414546079314232707e-01 0.000000000000000000e+00
3.471837946615528581e-01 0.000000000000000000e+00
4.087183239241658494e-01 0.000000000000000000e+00
1.315267660939383410e+00 0.000000000000000000e+00
1.127253728657097609e+00 0.000000000000000000e+00
5.898193211721445284e-01 0.000000000000000000e+00
6.354269600800037388e-02 0.000000000000000000e+00
9.050194728750704520e-01 0.000000000000000000e+00
9.082345035944640044e-01 0.000000000000000000e+00
6.904825683190645158e-01 0.000000000000000000e+00
8.287370078746092439e-01 0.000000000000000000e+00
4.434769518595880200e-01 0.000000000000000000e+00
1.022061905537086313e+00 0.000000000000000000e+00
5.350994196661759128e-01 0.000000000000000000e+00
6.686783689926762975e-01 0.000000000000000000e+00
4.017961709086950162e-01 0.000000000000000000e+00
8.748261723571559845e-01 0.000000000000000000e+00
6.412385631938920527e-01 0.000000000000000000e+00
1.648954733905870329e+00 0.000000000000000000e+00
7.864894339086227204e-02 0.000000000000000000e+00
1.699329930607912376e-01 0.000000000000000000e+00
5.192810027679972684e-01 0.000000000000000000e+00
1.096243288587483322e+00 0.000000000000000000e+00
1.096254763430934975e+00 0.000000000000000000e+00
