5.931337990094649459e-01
7.344473867368562781e-01
9.102790565177092397e-01
9.873858241515585110e-01
6.610179244996882142e-01
6.780520143635104802e-01
8.585234936881069867e-01
1.102390638001059076e+00
1.677483854428466259e+00
1.318009857159624376e-01
9.346028543084767826e-01
2.380989577055977691e+00
8.456060973710617379e-01
1.668184313520309603e+00
1.445989647116202148e+00
6.743294905719999788e-01
1.302072436463332483e+00
6.518908309967123005e-01
1.543649037939414992e+00
3.372750833830662764e-01
1.107910144660657625e+00
3.073961035938122532e-01
1.104598428503173135e+00
1.418578971511027520e+00
1.695377204675757143e+00
6.330183047642219396e-01
1.881251053046006927e+00
8.132621569863898170e-01
1.578673342991908646e+00
9.380259081240098773e-01
9.614769918147085814e-01
1.591690121441980521e+00
1.687052653124828439e+00
7.095137664331647720e-01
1.654024201642363134e-01
7.840723269197877876e-01
2.520699799787483597e-01
2.530765215918658662e+00
5.669445425959443341e+00
5.319582009310113158e+00
1.633831666545756400e+00
3.394979073763964461e+00
1.515245504256829578e+00
1.584763218099423554e+00
1.109171336142484643e+00
1.683035860884902313e+00
1.036498723489355900e+00
9.684820833998564193e-01
1.618232940385463614e+00
1.516725877760198571e-01
1.641943228820415879e+00
8.630475388338920695e-01
9.226315649355069093e-01
1.098597382691438806e+00
1.251894256930354610e+00
5.379579800634211040e-01
4.756543786133855534e-01
5.202139130497347441e-01
2.043850619802255186e-01
1.019566367666437712e+00
2.735425302210318654e-01
1.179114737936720170e+00
1.061343009651080083e+00
7.036862375062816755e-01
3.851705799808127217e-01
4.368095106088292767e-01
4.807815387850763456e-01
1.083617253420109172e+00
6.472124223131109355e-01
1.983915160382380583e+00
2.114699358064476620e+00
6.977467354273703126e-01
1.196704768296502353e-01
3.663475846988610285e-01
6.543617382756151679e-01
6.709722644715635509e-01
7.402397985588173857e-01
7.945230718503304423e-01
9.027291517498835516e-01
1.182328328651095273e+00
2.040233762034946885e+00
7.760784907486180106e-01
1.406535399237740513e+00
1.479331999566468658e+00
1.354806161072795723e+00
6.313176536307431030e-01
1.969979366738410897e+00
1.036359395639544712e+00
8.900688243796883725e-01
1.071694706988086887e+00
4.347531812582254296e-01
9.602360657029584967e-01
6.430828594986579549e-01
1.343460908565029532e+00
6.607005781311201531e-01
5.161970226231060721e-01
7.227065496711391202e-01
1.853274861565003651e+00
9.445282640924383966e-01
1.091708430159752385e+00
2.055263152596241927e+00
5.706177289286706866e-01
9.435279456647948093e-01
5.097370348402054940e-01
1.274586363823943191e+00
1.982776754063945379e+00
1.051136702840460124e+00
1.481665549449477703e+00
2.012953201902710543e+00
8.689065058905224292e-01
1.766182994059545708e+00
1.790437067794721226e+00
1.844333634964478774e+00
1.042852273309506028e+00
1.304063297129913757e+00
1.121859308674475919e+00
1.028929730861870562e+00
1.309978651972230512e+00
2.337756737414289798e+00
5.260982049843442310e-01
1.045645822944992087e+00
5.930423910564781576e-01
5.752559460299566663e-01
5.116828025175914618e-01
1.073473092775714122e+00
1.003539241965865747e+00
2.652029915708424834e-01
9.982641135964203105e-01
6.070955252266238555e-02
3.259381888674675598e-01
1.002086677035889606e+00
1.239648771114563397e+00
1.615249874018034104e+00
1.102099505328255624e+00
6.923689055205950460e-01
1.006362474493843751e+00
1.237227486955321698e+00
6.073973535155160475e-01
6.149666679687851856e-01
1.294924107307936945e+00
8.672029961964161648e-01
1.188107893640376833e+00
4.817366808744704132e-01
1.822959057984197218e+00
2.326796371872738689e+00
2.189637567938706564e+00
5.206855482756553855e-01
6.723353878455170518e-01
5.494422339760871576e-01
6.655351803284793588e-01
9.227615932651972441e-01
3.295321318099879160e-01
1.173582932635956588e+00
1.947113736727568378e+00
1.784780111323980734e+00
5.118285881641722046e-01
2.955122505111265063e-01
8.169489404069065763e-01
5.376954827978144280e-01
4.853926702836308116e-01
9.689321972810229777e-01
1.923459228364222007e+00
2.218477630032328118e+00
1.129952508721184801e+00
2.286161648260936374e+00
1.614420498819912675e+00
4.227542082592388728e-01
1.490262668878395091e+00
9.975556794014523998e-01
1.288294178319987937e+00
2.318700425077645288e+00
6.285172331170654214e-01
6.782310460277609643e-01
2.001191647190287526e+00
1.369998023753566718e+00
9.505533508334313986e-01
7.734420258498411194e-01
9.890530644539604621e-01
4.447140881064797213e-01
1.634566286760219977e+00
1.107824756123591881e+00
4.726839320214477058e-01
1.217139644036376422e+00
8.744250687912179520e-01
3.635009234665073641e-01
2.140297855076589428e+00
6.322680831683353819e-01
1.355672765000739632e+00
7.344341929057907059e-01
4.257435514161559964e-01
1.009709404987776837e+00
5.275375653707918833e-01
1.255349063081382610e+00
7.577907954323110928e-01
1.109730615580552637e+00
7.623250782930062197e-01
2.223911305883038647e+00
1.178202064635858859e+00
2.379066152165421943e+00
6.971099117731525130e-01
7.421875467217442512e-01
9.878940397789534034e-01
7.085316083798074427e-01
1.245112156874289333e+00
9.162145536361788745e-01
1.067632914453795934e+00
4.201255598135674729e-01
9.544409713317898447e-01
7.816552231170054155e-01
2.021191726065875827e+00
9.048511591847809843e-01
1.081135859095363472e+00
1.830058005641970409e+00
2.118480644126766066e+00
1.090358503464139650e+00
1.777957022384916819e+00
1.401864090087375558e+00
1.406208059289753454e+00
2.438442400664230458e+00
2.695510161321617915e+00
1.925999068097770939e-01
9.099429012298977382e-01
1.820989578794975028e+00
9.044285009353002502e-01
1.253505173067797518e+00
2.420776013038392627e+00
1.509793028339440291e+00
2.003997951830428281e+00
2.179569828470424575e+00
1.250839576786361818e+00
2.299558598487768668e-01
1.143353105854317597e+00
1.205366304804900424e-01
2.892211160178778662e-01
1.817450251839053399e+00
3.980657461675189412e-01
2.241753029680110032e+00
5.965256353250165677e-01
9.005254571997663993e-01
9.655597707791448159e-02
8.702553208541916607e-01
7.484319971613904166e-01
1.377092614874037668e+00
1.358111656127387823e+00
1.907670115745952133e+00
1.590391573907085965e+00
1.995742072194994998e+00
1.263067297651156995e+00
2.004766389456880571e+00
1.602702163749811559e+00
1.727245902281842937e+00
1.172533183800096745e+00
7.618731885473303267e-01
1.013216478200338777e+00
3.190634046925974743e-01
1.023838596385693744e+00
4.178443098789593191e-01
5.253245651350637591e-01
7.645774720329900909e-01
1.531776490469600738e+00
2.075917441960900001e-01
5.108633067092802627e-01
6.157917602673651514e-01
1.363877173429812517e+00
1.743793888967693384e+00
1.741934521284201676e+00
1.522750657816355213e+00
3.444958227837281450e-01
8.761433510328363594e-01
1.232573944855482884e+00
9.916922733640317622e-01
8.437339910294548995e-01
1.325312032507557580e+00
2.452682690365299012e-01
1.026495637927100191e+00
1.000494716161423492e+00
1.208140675045605628e+00
1.229043275176845640e+00
8.117956871079882175e-01
6.582714040244997955e-01
3.547101059597860262e-01
1.775506898302507741e+00
1.497148629294675404e+00
1.332766088096066781e+00
1.229555223646934037e+00
8.103252519249148911e-01
5.664493127982456189e-01
8.719443294133722988e-01
1.511633088029002980e+00
4.072252949825750923e-01
6.777478092982112123e-01
7.344527886448322107e-01
1.498923881282522574e-01
7.068695823896606889e-01
1.439036920773029360e+00
1.649267527872023020e+00
9.642467062630862840e-01
3.013812272439227447e-01
4.318146203143722883e-01
5.895435829264898953e-01
1.250018653317808370e+00
6.753969249868982949e-01
6.628253496592219074e-01
5.396060901297431434e-01
9.002298807030343353e-01
4.024959035218770298e-01
1.037577667527305403e+00
1.584199672275387938e+00
1.483357260387212051e+00
6.882215779618854334e-01
1.504888847460464252e+00
2.226663043145320930e+00
3.580825619649476543e+00
1.322053708479203893e+00
1.071924890342426773e+00
8.061434098629677303e-01
5.770486806574240957e-01
7.213591730856117046e-01
1.409597211240230630e+00
1.644831533026366310e+00
1.444044951286934442e+00
1.009603625635913549e+00
3.861841707059148754e-01
1.088579724564599172e+00
8.343243312130178557e-01
2.794079572136516920e-01
4.766261961674871372e-01
9.919997600378408498e-01
2.012323510899239221e+00
1.078755216290153474e+00
8.406445793584012005e-01
8.977350085229887089e-01
1.176717142956590578e+00
1.038632453572534642e+00
3.966655555030070168e+00
5.158648142042138174e-01
1.257539906078712910e+00
7.841578422077710719e-01
1.011204680561802682e+00
5.612262982116774657e-01
3.724144765087632480e-01
3.126046304885262139e-01
7.350657070790346248e-01
7.587280410703756139e+00
2.075186855424516530e+00
2.114090907225960603e+00
4.315382430223317911e+00
5.932015046032288907e+00
8.042758012038111470e-01
5.221181238804103453e-01
1.570604481049801660e+00
9.678187828295632400e-01
8.014843505135219592e-01
8.124701490538874804e-01
1.188964134379318693e+00
2.210287881355886275e-01
3.979671801654355301e-01
1.226502459108207654e+00
6.718168126748513824e-01
9.171086135136525819e-01
1.124405644304228513e+00
3.763081833437607604e-01
9.163893614937473897e-01
1.969692315333767541e+00
1.472099578546436804e+00
1.313180047577341414e+00
8.441474138670441718e-01
1.434437368001245883e+00
1.238029159317671768e+00
1.086618302256338264e+00
9.130677859830680365e-01
1.665890452828094226e+00
1.245548588036414772e+00
1.226116208409383290e+00
1.488633324623346299e+00
1.603038521574857045e+00
1.547895794970240768e+00
1.997600178230605206e+00
1.531345052856659672e+00
1.780553594616474333e+00
1.362619983884225894e+00
4.029274591208139022e-01
1.984603305938108742e+00
3.247589335996384774e-01
6.504989189994158094e-01
2.258843856688406593e+00
1.444929530453806787e+00
7.032470055607581427e-01
3.650131373952042457e-01
4.678537343683154548e-01
1.608199659692067129e+00
1.405800715537964596e+00
5.824878592838254043e-01
1.617889617672007230e+00
1.433857112401688116e+00
1.035693108075473434e+00
1.545412128177422018e+00
1.460376718746039693e+00
1.465139323362521617e+00
1.981530738258821200e+00
1.689902545988875238e+00
1.503549009235044309e+00
7.303226102093233196e-01
1.096149566990446633e+00
2.025590260135716303e+00
2.002849377424621213e+00
2.325748734164479192e-01
3.548159535926210251e-01
1.182350454250169491e+00
1.065656548444762208e+00
1.069997416491738518e+00
5.945469983950573134e-01
1.042890408124730106e+00
2.464596579487685624e+00
1.287840817100701196e+00
7.484750974751751551e-01
1.415590891147595842e+00
5.557731563001965247e-01
8.797570735482795889e-01
6.933019460177054505e-01
2.216465342383153292e+00
1.334128469936679773e+00
1.016078217415214313e+00
4.910215682576754004e-01
9.729957850153463372e-01
9.490034713434351010e-01
1.395388957744623459e+00
4.796817204786740230e-01
1.715258869958535604e+00
6.671677688478901969e-01
1.882102903081706580e-01
8.588165734009761687e-01
1.106520046592971651e+00
8.354850009684154921e-01
6.374274861837265771e-01
8.117798893540679739e-01
1.011767123152224501e+00
6.654917276694235495e-01
1.490295760482531318e+00
1.863420497427388522e-01
1.165914247787085634e+00
1.750136644651756557e+00
1.366436108463395360e+00
1.870117821529729607e+00
7.531549303825082475e-01
1.361248111933081040e+00
1.310954489298638448e+00
1.476048115107099434e+00
1.000382688097296136e+00
6.206278545110269773e-01
1.657675525030244401e+00
9.143205534984118199e-02
1.815180527120413556e+00
1.255987475260297748e+00
1.206070046816246633e+00
1.781233557418147484e+00
9.144555825709695940e-01
9.727253185562012572e-01
1.581744650930657636e+00
1.854175296447046817e+00
1.478083757945051868e+00
2.332253337028514562e+00
1.686140925822776193e+00
1.659817981373819418e+00
1.158811689584557714e+00
3.659474814407238430e+00
3.528081111248887680e+00
3.513663318632747945e+00
3.799928704748284147e+00
1.341504603977106136e+00
3.524693515102387265e-01
8.447632706421165372e-01
1.399691999556397670e+00
1.481103434415775189e+00
2.753605066766445564e+00
7.250809161314022422e-01
1.104151684174675019e+00
1.057728661669768311e+00
1.587713531217705976e+00
1.036297124366490685e+00
7.741641489473788385e-01
6.041227849512150749e-01
2.172573597894107700e-01
2.913179988390988129e-01
8.213943251788344835e-01
9.831235186941209570e-01
9.560324735518874739e-01
1.366425361629951984e+00
5.513221564659560592e-01
1.537565945113029020e+00
3.756490589662384028e-01
8.608678186939746624e-01
7.042012957209288215e-01
1.323250780627723611e+00
1.304420223727556505e-01
1.563266018920168365e+00
1.428919836569229052e+00
1.036608387372054185e+00
6.241265536514594148e-01
5.468057628506963752e-01
7.370154401714571479e-01
1.213945874450418350e+00
1.629676184703814812e+00
4.970659476288903367e-01
9.547612695527989413e-01
1.049091644946605895e+00
4.781812995763137786e-01
1.707248109826927429e+00
1.491678288735644786e+00
8.540965847677871592e-01
1.408849780424664244e+00
7.078711988497813357e-01
6.819958709547691011e-01
6.887465845175666512e-01
4.114016005992378044e-01
1.369367049407672177e+00
1.565468533889543323e+00
2.059747440345257363e+00
1.010645078165831157e+00
1.024130494355680598e+00
2.171130133606993251e+00
2.551513263413568211e+00
4.240190243484023291e-01
8.294042925509437225e-01
4.180822194029316652e-01
1.253168476215484439e+00
3.077429387661850257e-01
7.656566829369778615e-01
1.086011055968872929e+00
8.385283871039457271e-01
6.749433472903015874e-01
1.673447500655295572e+00
3.924790134340724879e-01
5.743618484988047834e-01
3.870716170810570289e-01
8.473508512450899088e-01
7.259742748168982462e-01
1.925757008237045875e+00
2.059795219729601445e+00
1.916006783339375463e+00
2.828309891464225512e+00
1.773479178009321311e+00
1.279655342347868707e+00
8.603936923378644464e-01
8.352323351696129272e-01
6.875597553487274860e-01
1.163004745024411424e+00
1.710708158623565733e+00
1.125488481478666314e+00
1.049704494545845579e+00
2.037589036083060190e+00
7.339915674741543938e-01
8.495998610073912660e-01
1.139314409245454796e+00
1.580178374177503953e+00
1.078428600488786637e+00
6.669359663971651253e-01
7.188855847886669315e-01
5.408670378769865339e-01
9.133782330714588227e-01
1.359075362187010638e+00
8.286188243302683443e-01
1.636963321765132928e+00
1.080182256580171307e+00
1.037815542265370095e+00
1.127872728711221573e+00
9.467145927341831246e-01
1.198189217662906980e+00
1.510652318877002687e+00
1.299435615295061019e+00
9.474951521753732786e-01
2.594203148349311649e-01
6.773708113730125824e-01
1.523498237060963101e+00
2.560008701702969347e-01
3.675163422875298291e-01
1.128436452833194270e+00
1.816842827665564153e+00
1.840977397891146339e+00
6.222988509297908699e-01
3.369361788536398006e-01
3.158865973309525343e-01
1.760926363522096638e+00
1.479660669182007782e+00
1.046882133461366271e+00
8.669995146985945977e-01
1.447304220315258849e+00
1.723859396623741214e+00
7.175089034647030850e-01
7.574180833380393940e-01
2.885890500777213430e-01
7.185776865513170408e-01
1.123429137407651490e+00
1.019167759833386366e+00
6.656318101500571238e-01
1.369587269041996347e+00
1.619229613812183777e+00
1.457499074428296959e+00
1.986941819174059320e+00
1.427680699312198875e+00
4.173396159189401433e-01
1.815750190492983362e+00
1.707567487712286836e+00
4.972379150128997671e-01
7.812914552060590268e-01
7.124425821250109925e-01
9.408381023261863652e-01
9.876987833426980057e-01
8.838479201495351711e-01
1.540143093008652375e-01
1.164704776378078677e+00
1.307311234076789230e-01
1.759636574954115185e+00
1.181638541775207996e+00
3.197210787486177708e-01
6.271566818320101211e-01
1.656079900126470328e+00
4.987329169127646122e-01
2.585040336458587218e-01
2.996051670777922782e-01
1.133678060892385986e+00
7.631861625043698805e-01
1.607775177635062391e+00
7.245373233060894425e-01
9.619342719137560227e-01
2.547814994033287261e-01
9.366197950047483456e-01
1.240685528989011743e+00
1.331268610310565537e+00
8.551280459011300072e-01
2.395220930055128150e+00
2.567832588705933450e+00
1.287838266743445370e+00
8.387126401834656964e-01
7.819203332126293260e-01
1.081870679034303784e+00
8.046144323407034005e-01
9.634473771350425819e-01
3.352605440196887998e-01
7.510512427521293111e-02
6.923573821713123744e-01
9.863684285211644642e-01
4.873866806335734325e-01
8.833191394739690061e-01
7.509451551389948465e-01
1.151930147074332167e+00
1.990031533531650410e-01
1.271228732873256329e+00
1.553224499804962022e+00
8.450561455831248070e-01
1.122777968786434322e+00
1.626432395969567457e+00
3.277971666168173481e-01
5.628875538227576802e-01
4.725671587192697976e-01
9.500041686103130045e-01
1.215561807523801940e+00
1.022172439847867542e+00
8.073922547376021219e-01
1.537968177304125827e+00
1.458264356426390185e+00
1.368005361871920567e+00
1.370461039883443810e+00
8.551440593723037553e-01
5.994313323902477064e-01
9.415152245823278365e-01
1.515244863560290645e+00
4.504098170642357735e-01
1.963485510743330498e-01
5.841207204288973998e-01
1.371685853666696930e+00
1.071764452402639956e+00
1.226754683213960861e+00
1.402012026429877434e+00
1.019043587510633175e+00
4.989837543439095691e-01
8.623225415851732967e-01
7.526325783880108977e-01
4.045870794405773130e-01
6.727384034187787742e-01
4.028626657901934749e-01
1.217678279772810290e+00
7.212439125338192536e-01
1.480529439537532133e+00
7.093273875604725331e-01
1.396046338824079802e+00
7.766024514160669856e-01
1.582419180123803004e+00
1.925050463836239567e+00
1.590858856523406528e+00
1.708249071910765693e+00
8.750119659818709206e-01
5.934130428758118692e-01
1.174733613231364826e+00
1.191887178097983169e+00
2.475041823374734551e-01
1.288440498701332482e+00
5.816624745412027897e-01
7.318196737535479501e-01
1.066885563619563770e+00
1.115347057912871920e+00
1.931263373539978900e+00
1.469960243353362284e+00
3.156212689392671744e-01
1.221939099424533964e-01
9.764565699908579477e-01
1.504782080499151187e+00
1.867199824959800969e+00
2.836371849132970357e-01
5.724957981597738055e-01
1.426147917836217971e+00
1.042264094760956272e+00
7.126206217030720547e-01
3.636047112229961464e-01
7.281706738648798805e-01
3.856371613888248118e-01
1.627863807599572388e+00
1.597880790151267050e+00
1.091658661281880827e+00
1.159159184533046005e+00
1.759281724468741315e+00
1.143882108815451604e+00
7.042050161977868594e-01
4.161542751005589125e-01
9.602952593712210660e-01
1.838127387585126060e+00
1.830737993392157925e+00
2.458878455927803741e-01
5.387506352789604991e-01
1.186599751576604245e+00
1.893600290686923149e+00
8.196540870468678186e-01
1.729383325447253483e+00
9.847051550298038247e-01
1.297523757787661491e+00
3.415442060672392866e-01
1.908190631507137747e+00
6.898320340819730223e-01
1.363374556547223060e+00
1.368349352914522754e+00
9.208152664805094867e-01
6.145763652626751172e-01
9.080484153045325080e-01
1.721595162024385006e+00
2.122431135066527030e+00
4.322547232410028362e-01
1.391841699777200514e+00
1.196598931871426741e+00
1.405384151113846736e+00
2.434338222522278272e+00
1.801680461354574492e+00
2.951958546948602602e-01
1.361160064412282766e+00
1.579433133792573329e+00
1.029170970785789008e+00
1.271855821097249262e+00
1.756090520605570748e-01
9.456319022801149554e-01
1.427632691406227838e+00
8.826694805145433032e-01
1.050155223686533246e+00
7.147716677750330927e-01
1.735601202368965312e+00
1.252889525024059481e+00
1.184335440735917233e+00
3.963820080866315987e-01
1.018156487036271374e+00
5.605061589341383543e-01
4.499070261308062979e-01
1.118859701813529339e+00
4.893924394040866099e-01
5.696864389702998022e-01
1.319563237096785357e+00
7.356414255714718298e-01
1.374112015256338859e+00
5.103866793541153024e-01
1.111761433882898276e+00
2.033530777742411366e-01
5.874962059899907496e-01
1.156384854074377966e+00
9.569610932222084587e-01
5.673124294141880242e-01
1.054978810851401105e+00
1.549327129206055753e+00
1.863512251212975590e+00
2.020222605199992194e-01
1.772811950387223279e+00
2.574743002792460267e+00
4.087453218977548652e-01
3.867487041907742285e-01
4.202797914789009881e-01
1.865208949787197756e+00
1.420835338697182149e+00
2.415011856798169543e+00
2.460508359457675098e+00
5.226201177889390204e-01
1.646949685726073032e+00
2.065614431782079041e+00
1.713589508490371394e+00
2.340107578662363741e-01
5.378852699129619275e-01
1.269228859224819761e+00
8.673103588753675597e-01
7.999360299491468929e-02
4.713038452345554852e-01
1.379281764983718794e+00
1.698402756206637720e+00
1.052956460208873901e+00
2.761593522237618670e-01
1.988077356541535723e+00
2.030966572726207620e+00
9.849678596273062636e-01
1.416916513894425522e+00
4.356951514670343584e-01
1.411600911401551750e+00
7.245661178509843481e-01
9.242106534678621310e-01
1.504426396599064297e+00
1.215385126605794008e+00
1.354337389255779733e+00
7.696079096053738411e-01
1.171327794732880401e+00
6.376101845348255415e-01
6.728308633772890346e-01
3.192480336144668529e-01
1.132263053488063553e+00
2.085377857886237418e+00
5.784980777442134681e-01
1.090933979411929489e+00
1.105443133612236339e+00
1.594201036357544066e+00
8.608550469995351895e-01
1.929449575888006585e+00
1.439357592102542327e+00
2.036796632683003150e+00
1.832958214726647217e+00
2.067796173811979887e+00
2.247610122611415129e+00
1.751193178692024732e+00
1.247986048473170406e+00
9.402982787934656139e-01
8.644805638221867428e-01
4.948205820609994365e-01
8.349580002727918782e-01
4.821871817451890974e-01
9.572429387568277548e-01
6.208330404379497347e-01
6.580832877211091336e-01
1.086064485410153546e+00
3.111469240313244344e-01
1.186314889169298281e+00
1.393249459957456748e+00
1.183194271537963305e+00
1.113948552324169672e+00
1.115748102149756171e+00
1.600793764033249245e+00
1.067504796707583470e+00
9.534832726762395572e-01
6.272203919998751154e-01
2.213823189723417961e+00
3.286872779664832822e-01
1.608821562205652533e+00
1.999876521417849107e+00
1.412805849402197333e+00
1.370984102068695920e+00
7.733587220231121773e-01
1.335229739719759667e+00
3.334041401110174885e-01
9.786774689706673191e-01
4.593907706332854279e-01
8.113263965275470113e-01
9.744128179373705567e-01
2.432944201723374444e+00
1.755886579759963206e+00
7.813483717580516075e-01
1.652807135784613024e+00
1.650908739719278095e+00
1.395817929867823493e+00
2.150155105529716337e+00
4.022840537459387855e-01
4.281186680477883644e-01
1.172156632096806206e+00
9.936531063760818405e-01
7.337247823963606308e-01
2.304180623047552334e+00
7.907920770527825383e-01
6.775738876750942996e-01
1.011795274226948482e+00
1.369937180971788182e+00
1.254186802392705635e+00
1.934564390176723769e+00
8.134334821129570736e-01
1.081970020700781410e+00
4.925073190026013625e-01
6.403521103479289378e-01
5.146176327197039546e-01
1.536915653445772190e+00
1.069099351082452243e+00
7.059966379129510861e-01
1.274768577442833006e+00
1.757313566908549340e+00
7.820183824804266548e-01
1.061635996714137553e+00
2.134845927760172568e+00
2.222039503894441381e+00
1.022675149866146160e+00
1.444493539555729233e+00
6.728707381363615569e-01
6.226012528902332699e-01
6.119141233302951566e-01
6.171070180745603651e-01
2.903374739693823092e-01
8.099092313514774100e-01
3.280581684513018126e-01
5.396454380449614563e-01
5.744912186098527496e-01
3.386284132107090228e-01
8.410042198124140223e-01
1.541958395511278113e-01
2.975444501560673971e-01
1.116858707569430287e+00
7.778797054774199138e-01
5.365060028331709585e-01
1.180830477045998750e+00
8.548286438525922737e-01
9.638395717477752367e-01
1.037626297102826722e+00
1.226603717880526911e+00
1.320706543155726997e+00
1.174179526763359904e+00
1.868336022148640918e+00
3.441681882373643919e-01
7.506223553117479241e-01
3.372574064001973571e-01
1.155296330664223214e+00
3.060087021045437283e-01
1.629733464661521358e+00
1.323804672677888039e+00
2.097491032452925563e-01
5.013900787337212117e-01
1.148611342864759965e+00
7.217748147656295465e-01
1.759452961117468073e+00
1.129648738370675254e+00
2.424129247301661239e-01
7.759769539913992098e-01
6.100342727973074863e-01
6.911075389543950287e-01
4.678704375041535801e-01
8.374197287144378166e-01
1.518773640225629329e+00
1.072451529848871266e+00
1.578672929520816837e+00
2.782878325767370598e-01
1.037088456046318274e+00
2.093203310356041680e+00
5.486129888060405912e-01
1.666530218155968246e+00
1.700799654189070420e+00
7.504091555429024396e-01
1.356310530804035519e+00
1.334042145386671319e+00
1.347492781444612486e+00
1.558303202777225671e+00
9.507086616015498759e-01
9.275568229484354443e-01
1.412560353508711009e+00
5.782410295362283570e-01
1.471649154997495046e+00
5.265670485934856870e-01
1.043982574434120902e+00
1.020169413017845139e+00
6.721458217128482016e-01
1.220077577324860219e+00
6.410171261445499757e-01
1.490953364612470855e+00
7.012799979091581815e-01
8.115847321786795465e-01
1.384390007526382638e+00
1.728779973836866324e+00
8.904678933289510434e-01
1.072841086583679271e+00
1.330522846279639682e+00
6.920642137897135004e-01
7.293829119477640566e-01
2.404215053648265155e+00
9.942489895930386457e-01
1.237804009302586605e+00
1.251602238685419533e+00
4.897472837736252527e-01
2.185845230066213674e+00
5.924209918363204652e-01
1.397867667367934441e+00
2.120912684719622465e+00
2.747329691043616684e+00
1.462935598557268735e+00
2.339822844305148308e+00
7.388558294282322469e-01
1.763534981359739628e+00
8.210029509004270754e-01
4.641453757811765390e-01
1.609965294810915992e+00
1.292497065925967359e+00
2.089809220588251526e-01
1.574678586677033643e+00
1.057771317338310535e+00
6.692344323261520955e-01
8.116688959849285290e-01
1.007912727821317578e+00
1.251628501737076959e+00
6.804055224034656346e-01
4.672380710799475256e-01
1.465824948554452778e+00
2.715781550628956764e-01
7.732874647151803948e-01
7.936713853303808408e-01
5.852633254983350408e-01
1.509725482771978822e+00
2.641173976509694210e+00
1.078940583394464969e+00
1.183519626515723733e+00
2.076159963537337561e+00
2.181098006173674886e+00
9.622736553104067614e-01
4.324524816656358794e-01
7.922948850687520084e-01
1.331869184224975022e+00
9.988843027010994025e-01
1.385789293688882262e+00
8.186081040355689398e-01
8.563235400116632201e-01
1.126871403691754869e+00
1.703971034619597313e+00
1.635712474385220827e-01
9.864342017170545374e-01
2.370815361454252646e+00
7.760001543257186718e-01
1.702660482011577825e+00
1.534008760455519482e+00
7.813930140450638939e-01
1.251496461978674146e+00
6.072540928779277536e-01
1.631370996837182563e+00
3.771091881486905995e-01
1.152012765303706887e+00
4.436905772350420163e-01
1.099213009066560609e+00
1.365343445459077820e+00
1.755731322083805779e+00
5.890590787794560690e-01
1.815534921705916460e+00
8.389948212875892875e-01
1.575711444458534283e+00
9.856915939114471170e-01
9.428663646947936794e-01
1.509246799376558812e+00
1.422304840957819394e+00
6.020540913128435978e-01
5.016759304185258728e-01
2.464275512258445044e-01
6.305387359682390613e-01
6.654442957482605836e-01
8.611842584571180459e-02
3.665105909664331807e-02
5.228604121245503111e-02
3.154274465792348409e-02
7.140737735965572985e-02
4.932857626222375558e-02
2.359997237983049029e-02
3.023769788562349209e-02
2.875277810336997891e-02
