1.068284362554550171e-02
1.068284362554550171e-02
1.068284362554550171e-02
1.068284362554550171e-02
1.068284362554550171e-02
1.068284362554550171e-02
1.068284362554550171e-02
1.068284362554550171e-02
1.068284362554550171e-02
1.068284362554550171e-02
1.068284362554550171e-02
1.068284362554550171e-02
1.068284362554550171e-02
1.068284362554550171e-02
1.068284362554550171e-02
1.068284362554550171e-02
1.068284362554550171e-02
1.068284362554550171e-02
1.068284362554550171e-02
1.068284362554550171e-02
1.068284362554550171e-02
1.068284362554550171e-02
1.068284362554550171e-02
1.068284362554550171e-02
1.068284362554550171e-02
2.900266113281250000e+02
1.017483749389648438e+02
1.764318695068359375e+02
4.402649841308593750e+02
4.060259399414062500e+02
1.814095001220703125e+02
3.197007751464843750e+02
1.982223968505859375e+02
6.151737060546875000e+02
1.507459259033203125e+02
2.544898834228515625e+02
2.123815307617187500e+02
2.664386901855468750e+02
2.519948730468750000e+02
3.174659118652343750e+02
3.506510009765625000e+02
2.617080993652343750e+02
4.684299926757812500e+02
2.084842376708984375e+02
2.186907196044921875e+02
2.840895690917968750e+02
3.231847839355468750e+02
3.327935180664062500e+02
3.778253173828125000e+02
2.498785095214843750e+02
1.854606628417968750e+02
2.199109954833984375e+02
3.063640136718750000e+02
1.295513610839843750e+02
2.366491699218750000e+02
2.272268066406250000e+02
1.137365722656250000e+02
1.524326782226562500e+02
2.479945220947265625e+02
9.986467742919921875e+01
2.150438232421875000e+02
3.590960083007812500e+02
1.654411926269531250e+02
4.118510742187500000e+02
1.391725006103515625e+02
9.125322723388671875e+01
2.024647674560546875e+02
1.876251678466796875e+02
2.657648925781250000e+02
1.335013275146484375e+02
1.187870330810546875e+02
2.299376678466796875e+02
3.587800598144531250e+02
4.398906860351562500e+02
4.212162475585937500e+02
1.260962677001953125e+02
5.851203536987304688e+01
1.026902999877929688e+02
2.070680236816406250e+02
3.683124694824218750e+02
2.239550170898437500e+02
2.092875671386718750e+02
7.362735748291015625e+01
6.499253845214843750e+01
2.645012817382812500e+02
3.823894042968750000e+02
1.725292663574218750e+02
5.017700805664062500e+02
2.356157531738281250e+02
7.380065917968750000e+02
5.156798706054687500e+02
4.351484375000000000e+02
1.705648956298828125e+02
6.073096923828125000e+02
1.350241241455078125e+02
2.178071289062500000e+02
1.051993179321289062e+02
2.041610717773437500e+02
1.238315582275390625e+02
1.411233520507812500e+02
3.076972045898437500e+02
5.240264892578125000e+02
6.771713867187500000e+02
1.141465301513671875e+02
1.306307220458984375e+02
1.011652679443359375e+02
1.094952087402343750e+02
5.989025268554687500e+02
5.697951049804687500e+02
3.081741943359375000e+02
2.703179321289062500e+02
1.705556640625000000e+02
1.668834838867187500e+02
1.208230285644531250e+02
1.793730773925781250e+02
1.527036743164062500e+02
1.898828430175781250e+02
7.344712829589843750e+01
5.564359130859375000e+02
3.492072753906250000e+02
5.261556396484375000e+02
4.857331542968750000e+02
1.641940765380859375e+02
2.460853729248046875e+02
1.631185455322265625e+02
6.483365631103515625e+01
6.690625762939453125e+01
1.144805679321289062e+02
9.888912200927734375e+01
1.197541198730468750e+02
1.756962585449218750e+02
1.282257690429687500e+02
3.681700744628906250e+02
3.650107421875000000e+02
2.140152893066406250e+02
1.753210449218750000e+02
3.239917602539062500e+02
3.333299865722656250e+02
4.457927856445312500e+02
8.249720764160156250e+01
1.352467193603515625e+02
1.124240112304687500e+02
1.942824096679687500e+02
1.396104431152343750e+02
2.255007781982421875e+02
1.798453063964843750e+02
2.036015930175781250e+02
2.937799072265625000e+02
4.446358642578125000e+02
6.502934570312500000e+02
2.806776733398437500e+02
6.288623046875000000e+02
4.718540039062500000e+02
3.418306884765625000e+02
3.860558166503906250e+02
2.384969940185546875e+02
3.237005920410156250e+02
1.801477813720703125e+02
2.702760009765625000e+02
1.613847656250000000e+02
5.748704223632812500e+02
3.248016967773437500e+02
6.467222595214843750e+01
3.116027221679687500e+02
2.422550506591796875e+02
2.019992828369140625e+02
2.862454528808593750e+02
1.427200469970703125e+02
2.886437072753906250e+02
5.204627685546875000e+02
1.953967742919921875e+02
7.540800476074218750e+01
1.621678771972656250e+02
1.570357971191406250e+02
2.345912475585937500e+02
4.889638977050781250e+02
4.158873291015625000e+02
5.152140502929687500e+02
2.061719055175781250e+02
3.415321044921875000e+02
1.455818023681640625e+02
3.203300476074218750e+02
1.881162719726562500e+02
3.144476623535156250e+02
1.606009674072265625e+02
1.949512176513671875e+02
9.375043487548828125e+01
6.469339752197265625e+01
2.374978027343750000e+02
2.177855072021484375e+02
3.041763610839843750e+02
5.049364929199218750e+02
3.962883605957031250e+02
6.655967407226562500e+02
3.125002746582031250e+02
4.400505371093750000e+02
3.156399536132812500e+02
1.767546539306640625e+02
7.528601074218750000e+01
2.760010375976562500e+02
3.648177490234375000e+02
2.189897460937500000e+02
6.843652343750000000e+02
1.736826477050781250e+02
2.360695953369140625e+02
1.623452148437500000e+02
1.967247924804687500e+02
2.630317382812500000e+02
2.172865447998046875e+02
2.813161621093750000e+02
1.014005310058593750e+03
7.553665771484375000e+02
9.295361328125000000e+02
1.002353439331054688e+02
2.231552124023437500e+02
2.056938018798828125e+02
1.722131042480468750e+02
3.771108703613281250e+02
1.657788085937500000e+02
7.535913085937500000e+01
2.625814819335937500e+02
1.974800109863281250e+02
1.412125396728515625e+02
1.549707489013671875e+02
4.408051757812500000e+02
1.536801300048828125e+02
3.101835021972656250e+02
2.191243743896484375e+02
7.854644775390625000e+01
6.264579391479492188e+01
6.289506149291992188e+01
4.935077285766601562e+01
1.156760940551757812e+02
2.849784851074218750e+02
3.214896850585937500e+02
8.541284790039062500e+02
2.891999206542968750e+02
3.969739685058593750e+02
1.875924530029296875e+02
1.831432952880859375e+02
1.392477416992187500e+02
1.726953125000000000e+02
7.040593261718750000e+02
1.002951812744140625e+02
4.060452270507812500e+02
2.688150939941406250e+02
3.256845397949218750e+02
1.200510253906250000e+02
1.642262573242187500e+02
5.924336547851562500e+02
4.446135253906250000e+02
4.782247314453125000e+02
2.076210479736328125e+02
5.253880615234375000e+02
2.708185119628906250e+02
2.161025695800781250e+02
3.677610778808593750e+02
1.529072418212890625e+02
1.900892944335937500e+02
7.733609619140625000e+02
2.282138519287109375e+02
3.518410644531250000e+02
3.677752075195312500e+02
6.690250244140625000e+02
3.498510742187500000e+02
3.745383605957031250e+02
4.270450439453125000e+02
3.817206726074218750e+02
2.281201934814453125e+02
2.004131927490234375e+02
3.814166259765625000e+02
7.804209594726562500e+02
4.336947631835937500e+02
2.852362060546875000e+02
2.518477935791015625e+02
1.957648620605468750e+02
3.404931640625000000e+02
9.086342620849609375e+01
2.180478820800781250e+02
1.450199584960937500e+02
6.912014160156250000e+02
1.470562591552734375e+02
3.528732604980468750e+02
2.830318603515625000e+02
1.257621994018554688e+02
6.924575805664062500e+01
1.466250305175781250e+02
1.330238952636718750e+02
1.356773681640625000e+02
9.929718017578125000e+01
5.370104980468750000e+02
7.661889648437500000e+02
4.258570861816406250e+02
1.566008148193359375e+02
3.854730224609375000e+02
2.516585693359375000e+02
1.840996215820312500e+03
7.736829223632812500e+02
4.064776611328125000e+02
7.328265380859375000e+02
7.114347076416015625e+01
1.481441192626953125e+02
1.378958129882812500e+02
2.068550872802734375e+02
4.916328125000000000e+02
1.424864196777343750e+02
1.935185852050781250e+02
1.686042022705078125e+02
6.666974639892578125e+01
7.233073730468750000e+02
2.759034118652343750e+02
2.870458068847656250e+02
4.520081176757812500e+02
1.830315551757812500e+02
1.535066070556640625e+02
2.099810333251953125e+02
1.567257690429687500e+02
2.391435546875000000e+02
1.360514526367187500e+02
4.548575134277343750e+02
2.297178802490234375e+02
2.662377929687500000e+02
1.163212966918945312e+02
5.117287902832031250e+02
1.517388305664062500e+02
2.798896484375000000e+02
3.598774414062500000e+02
3.802597656250000000e+02
5.900930404663085938e+01
2.065432739257812500e+02
2.061733703613281250e+02
3.530474853515625000e+02
1.690154724121093750e+02
5.111803054809570312e+01
1.362548522949218750e+02
5.089345092773437500e+02
2.607167053222656250e+02
3.167928123474121094e+01
3.255993652343750000e+02
2.318094787597656250e+02
2.157799835205078125e+02
4.377361755371093750e+02
3.530707702636718750e+02
1.780444488525390625e+02
1.158395538330078125e+02
3.930942993164062500e+02
3.020702209472656250e+02
2.630718078613281250e+02
4.158587036132812500e+02
2.049804840087890625e+02
5.770648193359375000e+02
3.216307373046875000e+02
1.583079528808593750e+02
1.427611541748046875e+02
1.262271347045898438e+02
9.061919403076171875e+01
1.449967041015625000e+02
4.201646728515625000e+02
3.286146545410156250e+02
1.108653793334960938e+02
4.397376708984375000e+02
3.980183105468750000e+02
2.225918579101562500e+02
5.622897338867187500e+02
9.636647949218750000e+02
2.917399902343750000e+02
3.681561584472656250e+02
1.961413116455078125e+02
1.447706146240234375e+02
2.282352600097656250e+02
5.288129272460937500e+02
3.306925659179687500e+02
2.695850830078125000e+02
9.921666717529296875e+01
1.420253448486328125e+02
9.173670959472656250e+01
2.298835601806640625e+02
4.467624816894531250e+02
2.721701660156250000e+02
2.477151184082031250e+02
3.994458618164062500e+02
1.970990905761718750e+02
1.260416641235351562e+02
3.316716918945312500e+02
2.435359802246093750e+02
2.290346221923828125e+02
5.221015625000000000e+02
1.635786743164062500e+02
8.072534179687500000e+02
4.594979858398437500e+02
3.795448608398437500e+02
4.194132690429687500e+02
2.154548797607421875e+02
1.799414062500000000e+02
4.679436035156250000e+02
2.066430816650390625e+02
8.117164306640625000e+02
4.379267883300781250e+02
3.605871887207031250e+02
1.931530914306640625e+02
1.781434173583984375e+02
2.859618225097656250e+02
1.448583221435546875e+02
1.906604461669921875e+02
2.916354370117187500e+02
2.305918273925781250e+02
3.927620849609375000e+02
2.402336120605468750e+02
4.707002563476562500e+02
3.467229309082031250e+02
7.262169189453125000e+02
1.971675720214843750e+02
3.186885375976562500e+02
1.141945495605468750e+02
4.498477172851562500e+01
2.223357238769531250e+02
2.084964599609375000e+02
1.122119064331054688e+02
6.373824691772460938e+01
1.929465789794921875e+02
2.754791259765625000e+02
3.895639038085937500e+02
2.500860290527343750e+02
2.989632568359375000e+02
1.899481201171875000e+02
8.817922973632812500e+01
7.676227569580078125e+01
1.948212890625000000e+02
1.302370758056640625e+02
2.511802520751953125e+02
3.504135131835937500e+02
2.019376983642578125e+02
5.259241943359375000e+02
1.081003799438476562e+02
1.834815368652343750e+02
2.687033386230468750e+02
2.232467041015625000e+02
8.836661529541015625e+01
2.549578704833984375e+02
1.223324584960937500e+02
1.924385986328125000e+02
1.922212524414062500e+02
3.795755310058593750e+02
4.640184326171875000e+02
3.481093139648437500e+02
2.750887451171875000e+02
3.008283996582031250e+02
5.338479614257812500e+02
1.895213317871093750e+02
1.391696777343750000e+02
1.680292053222656250e+02
1.184485778808593750e+02
2.275002136230468750e+02
4.238215026855468750e+02
1.052241363525390625e+02
1.837024688720703125e+02
1.954742889404296875e+02
3.966931762695312500e+02
6.229893188476562500e+02
9.021484375000000000e+01
2.727046508789062500e+02
1.551335754394531250e+02
2.911301879882812500e+02
1.807816619873046875e+02
2.161685791015625000e+02
5.196405029296875000e+02
1.784240112304687500e+02
2.330213775634765625e+02
1.271596527099609375e+02
1.349275817871093750e+02
1.205282363891601562e+02
6.997929382324218750e+01
9.674572753906250000e+01
3.514686279296875000e+02
1.574709320068359375e+02
1.782038421630859375e+02
1.403914794921875000e+02
5.982329559326171875e+01
9.663327026367187500e+01
2.120384826660156250e+02
1.402403411865234375e+02
1.309619598388671875e+02
6.552126312255859375e+01
1.705433654785156250e+02
1.190747604370117188e+02
1.031533203125000000e+02
4.304457473754882812e+01
8.830292510986328125e+01
3.045910644531250000e+02
3.976724243164062500e+02
3.148906250000000000e+02
2.446130676269531250e+02
2.759546508789062500e+02
1.388385925292968750e+02
1.965697021484375000e+02
1.835912322998046875e+02
4.297623901367187500e+02
2.895028076171875000e+02
1.363486938476562500e+02
1.396793975830078125e+02
3.314114074707031250e+02
3.287484741210937500e+02
2.940755310058593750e+02
2.780310974121093750e+02
4.768526306152343750e+02
2.460003356933593750e+02
2.203524627685546875e+02
1.051656341552734375e+02
6.808995819091796875e+01
1.271848449707031250e+02
9.440870666503906250e+01
1.463957214355468750e+02
2.553394165039062500e+02
2.113314819335937500e+02
2.943593444824218750e+02
1.250433349609375000e+02
1.626093444824218750e+02
1.590925292968750000e+02
1.580998382568359375e+02
3.502837524414062500e+02
2.052349090576171875e+02
4.562783813476562500e+02
4.740680847167968750e+02
9.715992736816406250e+01
1.195176467895507812e+02
6.019102859497070312e+01
1.403170166015625000e+02
3.932933349609375000e+02
9.162801361083984375e+01
8.456644439697265625e+01
6.331562042236328125e+01
9.291607666015625000e+01
3.645831909179687500e+02
1.495396575927734375e+02
3.824147644042968750e+02
1.845546569824218750e+02
2.086670227050781250e+02
1.922266540527343750e+02
3.167910156250000000e+02
4.314323120117187500e+02
4.146574707031250000e+02
4.102820739746093750e+02
8.296313476562500000e+02
2.067173767089843750e+02
1.776462097167968750e+02
2.649490966796875000e+02
2.993204650878906250e+02
1.212987823486328125e+02
3.256492614746093750e+02
1.915340576171875000e+02
6.198477935791015625e+01
3.057218933105468750e+02
3.633703002929687500e+02
1.767269287109375000e+02
1.754573974609375000e+02
1.732790679931640625e+02
1.007702941894531250e+02
3.640354309082031250e+02
3.044227905273437500e+02
7.338538360595703125e+01
5.782283782958984375e+01
2.345116882324218750e+02
9.531335449218750000e+01
7.358222198486328125e+01
2.533628845214843750e+02
1.594414672851562500e+02
3.083181457519531250e+02
1.031608047485351562e+02
4.201979370117187500e+02
3.030715026855468750e+02
5.392125244140625000e+02
4.069392089843750000e+02
6.480481567382812500e+02
5.534445800781250000e+02
2.733925781250000000e+02
1.368002929687500000e+02
1.570754089355468750e+02
1.053907928466796875e+02
4.199523315429687500e+02
8.134342651367187500e+02
1.612967071533203125e+02
1.328637695312500000e+02
2.200281829833984375e+02
2.324583435058593750e+02
1.239060363769531250e+02
1.112785186767578125e+02
3.371792297363281250e+02
9.920568084716796875e+01
2.196535339355468750e+02
1.557805786132812500e+02
3.109557189941406250e+02
1.191405029296875000e+02
1.831429443359375000e+02
1.628215637207031250e+02
1.314621276855468750e+02
2.136197509765625000e+02
4.326061096191406250e+02
2.609955444335937500e+02
2.630169372558593750e+02
1.228304290771484375e+02
1.522409210205078125e+02
1.341034088134765625e+02
1.825379791259765625e+02
2.179105987548828125e+02
1.498636474609375000e+02
1.334023742675781250e+02
4.741430053710937500e+02
4.866852416992187500e+02
8.407917785644531250e+01
1.095496902465820312e+02
1.653563537597656250e+02
2.002773895263671875e+02
1.576096801757812500e+02
1.792147216796875000e+02
6.198006057739257812e+01
1.045318756103515625e+02
5.045576858520507812e+01
2.534347076416015625e+02
5.179848022460937500e+02
1.734387207031250000e+02
2.337329864501953125e+02
2.277400512695312500e+02
3.295280761718750000e+02
8.766907501220703125e+01
1.908047027587890625e+02
8.185424804687500000e+01
2.160312805175781250e+02
1.241847839355468750e+02
2.536524658203125000e+02
1.718374633789062500e+02
2.889445495605468750e+02
3.981079711914062500e+02
3.261515502929687500e+02
2.136404724121093750e+02
1.256750793457031250e+02
7.810964355468750000e+02
2.624990234375000000e+02
1.749176940917968750e+02
2.640423278808593750e+02
2.776090698242187500e+02
1.043800582885742188e+02
1.457015991210937500e+02
3.375769653320312500e+02
9.677223205566406250e+01
1.117462615966796875e+02
2.751545715332031250e+02
9.131313323974609375e+01
1.048418731689453125e+02
1.200880279541015625e+02
2.000787353515625000e+02
2.280728607177734375e+02
1.158319778442382812e+02
1.536683959960937500e+02
1.724994964599609375e+02
8.173627471923828125e+01
1.673121337890625000e+02
2.528162536621093750e+02
3.346956787109375000e+02
1.183006668090820312e+02
1.567395935058593750e+02
2.700987548828125000e+02
1.714008483886718750e+02
3.797539672851562500e+02
1.602905273437500000e+02
3.370228271484375000e+02
1.811036987304687500e+02
1.143380203247070312e+02
1.374117126464843750e+02
1.365154266357421875e+02
2.852215270996093750e+02
2.622626647949218750e+02
1.305198059082031250e+02
2.576986999511718750e+02
3.113634033203125000e+02
4.716828308105468750e+02
5.287642822265625000e+02
4.574317626953125000e+02
2.187380676269531250e+02
2.759210815429687500e+02
6.555910644531250000e+02
2.162707366943359375e+02
8.700144958496093750e+01
3.252156372070312500e+02
1.484244689941406250e+02
4.495028305053710938e+01
1.135445861816406250e+02
2.275024719238281250e+02
2.168632202148437500e+02
4.395938110351562500e+02
3.465726013183593750e+02
2.170398254394531250e+02
1.646174621582031250e+02
1.585900726318359375e+02
4.067315063476562500e+02
2.393012695312500000e+02
1.963433227539062500e+02
3.570422058105468750e+02
2.586484069824218750e+02
6.056166992187500000e+02
6.076541748046875000e+02
2.247534637451171875e+02
2.269344482421875000e+02
1.621331787109375000e+02
1.320663757324218750e+02
1.724510040283203125e+02
8.298004150390625000e+01
4.868040771484375000e+02
1.783417816162109375e+02
7.280449218750000000e+02
2.283675537109375000e+02
3.598320312500000000e+02
2.338070220947265625e+02
1.127480087280273438e+02
1.566370849609375000e+02
2.082251892089843750e+02
1.692886199951171875e+02
1.211583328247070312e+02
2.879300842285156250e+02
2.937551879882812500e+02
3.724128417968750000e+02
1.530411529541015625e+02
3.822696533203125000e+02
2.520550842285156250e+02
1.160695800781250000e+02
1.718375701904296875e+02
1.259336547851562500e+02
2.736735839843750000e+02
1.671616516113281250e+02
1.870291137695312500e+02
2.192536621093750000e+02
1.842174377441406250e+02
2.365865173339843750e+02
2.300333557128906250e+02
1.071341781616210938e+02
2.825928955078125000e+02
6.388958129882812500e+02
7.084444580078125000e+02
1.743529663085937500e+02
2.121178894042968750e+02
1.465601501464843750e+02
1.093579330444335938e+02
1.082516098022460938e+02
1.490270080566406250e+02
2.141268310546875000e+02
1.239882049560546875e+02
1.615831451416015625e+02
2.317045593261718750e+02
3.030560913085937500e+02
4.975657043457031250e+02
2.582207031250000000e+02
4.034979248046875000e+02
4.078320617675781250e+02
2.833814392089843750e+02
9.613614654541015625e+01
4.365617752075195312e+01
1.481713562011718750e+02
6.955453491210937500e+02
2.692305297851562500e+02
5.860574951171875000e+02
1.504389953613281250e+02
1.212009887695312500e+02
2.754273071289062500e+02
2.740371398925781250e+02
3.845860595703125000e+02
5.767170410156250000e+02
3.279802856445312500e+02
2.400554809570312500e+02
3.274662170410156250e+02
1.762234802246093750e+02
1.911194915771484375e+02
2.891734619140625000e+02
2.650082092285156250e+02
3.427171936035156250e+02
3.380394287109375000e+02
8.925355224609375000e+02
2.899344482421875000e+02
3.395001220703125000e+02
1.553268890380859375e+02
1.587938385009765625e+02
3.454375305175781250e+02
3.070802001953125000e+02
4.211145019531250000e+02
1.384652709960937500e+02
1.771882629394531250e+02
1.182572174072265625e+02
5.093433227539062500e+02
7.291372680664062500e+02
4.900378723144531250e+02
1.031016235351562500e+03
2.649570007324218750e+02
1.725836029052734375e+02
1.645481567382812500e+02
2.258688049316406250e+02
8.038952636718750000e+01
1.040745849609375000e+02
2.805732421875000000e+02
3.299468078613281250e+02
1.772144012451171875e+02
3.829795227050781250e+02
1.277502288818359375e+02
5.143450927734375000e+02
7.583490600585937500e+02
2.306632080078125000e+02
1.940789184570312500e+02
2.305351715087890625e+02
2.549705657958984375e+02
5.418665161132812500e+02
1.616620483398437500e+02
2.973637390136718750e+02
2.565746459960937500e+02
7.321431274414062500e+02
6.693125915527343750e+01
1.285501708984375000e+02
4.763960876464843750e+02
1.768583679199218750e+02
1.023828125000000000e+02
4.986159667968750000e+02
1.810132446289062500e+02
1.814019165039062500e+02
1.104098052978515625e+02
1.419269104003906250e+02
1.590324096679687500e+02
1.706350250244140625e+02
8.645074462890625000e+02
5.098928527832031250e+02
9.931329956054687500e+02
1.063350341796875000e+03
2.172727813720703125e+02
1.108522033691406250e+02
6.638522338867187500e+01
2.121831054687500000e+02
3.597587280273437500e+02
5.882620849609375000e+02
6.386973190307617188e+01
1.616208190917968750e+02
1.159899749755859375e+02
2.804428100585937500e+02
2.337489471435546875e+02
8.188227844238281250e+01
1.875997314453125000e+02
4.009892578125000000e+02
5.485861968994140625e+01
1.461782989501953125e+02
7.662284088134765625e+01
2.963524780273437500e+02
8.080140686035156250e+01
4.601701049804687500e+02
4.359819335937500000e+02
5.909683227539062500e+02
6.204078369140625000e+02
4.296326293945312500e+02
3.692882690429687500e+02
1.476131286621093750e+02
4.525515747070312500e+01
9.121994018554687500e+01
2.226852111816406250e+02
3.489575195312500000e+02
5.073828125000000000e+02
1.370328979492187500e+02
5.270726318359375000e+02
3.594577331542968750e+02
1.883071594238281250e+02
4.155269165039062500e+02
1.238950042724609375e+02
2.440471343994140625e+02
1.616471710205078125e+02
2.429078369140625000e+02
2.830588378906250000e+02
1.309523925781250000e+02
3.994164428710937500e+02
3.337189941406250000e+02
2.697208862304687500e+02
4.158256835937500000e+02
2.697931823730468750e+02
2.287769927978515625e+02
1.896457061767578125e+02
7.359815673828125000e+02
2.636388244628906250e+02
5.279930419921875000e+02
2.974906616210937500e+02
1.693434600830078125e+02
1.828810577392578125e+02
1.473668823242187500e+02
3.864217834472656250e+02
1.635349426269531250e+02
1.081776351928710938e+02
4.229736328125000000e+01
9.237191772460937500e+01
3.261999206542968750e+02
8.295705413818359375e+01
2.110749816894531250e+02
1.449961547851562500e+02
1.119152603149414062e+02
1.403739318847656250e+02
3.800892944335937500e+02
7.384992675781250000e+02
2.426083221435546875e+02
1.482198486328125000e+02
1.809313964843750000e+02
1.892110900878906250e+02
8.670252227783203125e+01
1.713332214355468750e+02
1.326745147705078125e+02
1.133058700561523438e+02
1.219213867187500000e+02
2.581989746093750000e+02
1.599649505615234375e+02
9.671952056884765625e+01
1.135531692504882812e+02
1.393889160156250000e+02
1.102123565673828125e+02
1.675098266601562500e+02
1.453439331054687500e+02
3.326875305175781250e+02
3.214020080566406250e+02
2.449895782470703125e+02
2.242117614746093750e+02
3.802648925781250000e+02
2.235220031738281250e+02
1.541258544921875000e+02
2.973825988769531250e+02
1.480927886962890625e+02
4.657400512695312500e+02
2.245280609130859375e+02
8.512495727539062500e+02
2.798913269042968750e+02
1.988150024414062500e+02
1.499976806640625000e+02
2.718869018554687500e+02
1.256178894042968750e+02
3.736181640625000000e+02
3.069721679687500000e+02
4.109855957031250000e+02
2.919942016601562500e+02
1.344887847900390625e+02
1.263964080810546875e+02
4.211950683593750000e+02
2.228139343261718750e+02
2.982806396484375000e+02
3.801160888671875000e+02
4.927740478515625000e+02
4.094768676757812500e+02
2.011383056640625000e+02
1.038471435546875000e+03
3.917960205078125000e+02
2.671948852539062500e+02
1.638007354736328125e+02
1.877597656250000000e+02
1.850300445556640625e+02
1.470565032958984375e+02
2.527471160888671875e+02
1.462256164550781250e+02
2.562524414062500000e+02
4.278809204101562500e+02
7.135643310546875000e+02
7.679665527343750000e+02
5.077938842773437500e+02
2.491238861083984375e+02
3.984162292480468750e+02
2.515476379394531250e+02
1.095856323242187500e+02
3.553308715820312500e+02
1.788489379882812500e+02
1.606115112304687500e+02
7.524535369873046875e+01
1.256595153808593750e+02
1.323875274658203125e+02
5.635261917114257812e+01
2.045090026855468750e+02
1.037928771972656250e+02
6.835982666015625000e+02
1.931269836425781250e+02
2.606838073730468750e+02
2.532461242675781250e+02
1.713296661376953125e+02
3.573949584960937500e+02
1.633257751464843750e+02
1.069768371582031250e+02
2.502704772949218750e+02
1.424906768798828125e+02
5.819315185546875000e+02
4.113177795410156250e+02
1.029209213256835938e+02
1.314027404785156250e+02
1.420843200683593750e+02
1.626302490234375000e+02
5.829708862304687500e+01
5.813514328002929688e+01
7.692456817626953125e+01
1.524832000732421875e+02
1.284393920898437500e+02
1.148975296020507812e+02
1.387095336914062500e+02
1.684159698486328125e+02
2.442113647460937500e+02
9.403200683593750000e+02
2.099848022460937500e+02
9.394893798828125000e+02
6.044229125976562500e+02
2.768830871582031250e+02
1.490747070312500000e+02
8.649295806884765625e+01
9.710368347167968750e+01
5.885761260986328125e+01
5.364825439453125000e+01
7.917926788330078125e+01
1.906578216552734375e+02
1.231852493286132812e+02
1.226074676513671875e+02
1.200766220092773438e+02
2.721220092773437500e+02
2.999313049316406250e+02
2.029276733398437500e+02
2.340156250000000000e+02
8.740324096679687500e+02
1.406890258789062500e+02
2.238919982910156250e+02
3.162652587890625000e+02
8.323082885742187500e+02
1.566107940673828125e+02
1.893315734863281250e+02
3.027000122070312500e+02
2.265093688964843750e+02
4.361524658203125000e+02
8.985611724853515625e+01
1.165935134887695312e+02
9.772734069824218750e+01
1.557344665527343750e+02
4.356589965820312500e+02
5.412001342773437500e+02
1.339790283203125000e+03
8.670707397460937500e+02
9.113459472656250000e+02
4.197785644531250000e+02
5.880796508789062500e+02
3.436494750976562500e+02
3.822315368652343750e+02
2.897120361328125000e+02
4.234331054687500000e+02
1.462530212402343750e+02
3.501865768432617188e+01
9.541310882568359375e+01
2.051866760253906250e+02
3.231599121093750000e+02
4.106905212402343750e+02
9.658212280273437500e+01
2.354443969726562500e+02
3.276855773925781250e+02
2.335459747314453125e+02
1.700827484130859375e+02
2.985037231445312500e+02
2.509055175781250000e+02
1.111533447265625000e+03
8.554116210937500000e+02
2.647460327148437500e+02
2.870836486816406250e+02
1.933368072509765625e+02
1.757547912597656250e+02
1.362097930908203125e+02
1.189682235717773438e+02
1.055156478881835938e+02
2.867745056152343750e+02
4.063209533691406250e+02
2.373594512939453125e+02
2.654960937500000000e+02
1.739307556152343750e+02
1.890210876464843750e+02
1.318985443115234375e+02
2.435582885742187500e+02
3.904318847656250000e+02
7.736085510253906250e+01
1.884369201660156250e+02
2.440062713623046875e+02
5.606984252929687500e+02
6.919053955078125000e+02
4.915855712890625000e+02
3.862769775390625000e+02
1.431439208984375000e+02
1.416300048828125000e+02
2.029462738037109375e+02
4.098974609375000000e+02
4.035686035156250000e+02
4.078844604492187500e+02
2.118992309570312500e+02
8.366588134765625000e+02
4.112630004882812500e+02
1.969692077636718750e+02
2.200742187500000000e+02
2.207427978515625000e+02
9.138180541992187500e+01
1.088724670410156250e+02
1.418146362304687500e+02
3.940553588867187500e+02
2.030334472656250000e+02
4.433876647949218750e+02
1.377417755126953125e+02
2.943027954101562500e+02
1.798113098144531250e+02
1.127530975341796875e+02
1.805330657958984375e+02
2.690448608398437500e+02
1.767375030517578125e+02
2.099241790771484375e+02
1.634944610595703125e+02
1.825603942871093750e+02
4.211329345703125000e+02
4.688782958984375000e+02
7.813875579833984375e+01
1.410292968750000000e+02
1.248876266479492188e+02
4.831391143798828125e+01
1.533654327392578125e+02
2.801956787109375000e+02
2.198499603271484375e+02
4.563098449707031250e+02
8.845557861328125000e+02
1.901003112792968750e+02
1.590517883300781250e+02
2.653193969726562500e+02
1.229511260986328125e+02
1.533807983398437500e+02
3.591928100585937500e+02
2.116511840820312500e+02
1.225881500244140625e+02
3.152803955078125000e+02
2.032978820800781250e+02
2.445325775146484375e+02
9.131962585449218750e+01
4.698949584960937500e+02
1.422733154296875000e+02
2.521769409179687500e+02
1.225947952270507812e+02
1.836877746582031250e+02
8.207627868652343750e+01
1.214211959838867188e+02
5.564636840820312500e+02
4.113113708496093750e+02
4.410107421875000000e+02
2.271686401367187500e+02
1.997134552001953125e+02
3.572120361328125000e+02
2.356364593505859375e+02
4.276546020507812500e+02
1.724997863769531250e+02
1.742243957519531250e+02
2.036629180908203125e+02
5.304056396484375000e+02
2.899193420410156250e+02
2.262787780761718750e+02
9.301699218750000000e+02
4.325388488769531250e+02
3.346456604003906250e+02
3.457241516113281250e+02
4.450297546386718750e+02
5.710700683593750000e+02
2.378380432128906250e+02
1.265283355712890625e+02
1.997048950195312500e+02
2.915061035156250000e+02
1.159172439575195312e+02
3.087805480957031250e+02
2.230973968505859375e+02
3.978641357421875000e+02
2.496059112548828125e+02
1.316645812988281250e+02
2.441548461914062500e+02
2.593665161132812500e+02
9.335510253906250000e+02
1.898904418945312500e+02
2.035179138183593750e+02
4.506070861816406250e+02
1.357575073242187500e+02
7.418806457519531250e+01
3.853892211914062500e+02
3.533132934570312500e+02
3.206293334960937500e+02
2.974996032714843750e+02
3.613945312500000000e+02
3.305968017578125000e+02
2.256914520263671875e+02
4.241625366210937500e+02
2.039543304443359375e+02
1.507327880859375000e+02
2.152494201660156250e+02
1.562792968750000000e+02
1.237462768554687500e+02
1.421347961425781250e+02
3.207559204101562500e+02
3.270730285644531250e+02
1.883533172607421875e+02
9.851992034912109375e+01
9.160521697998046875e+01
2.237009277343750000e+02
1.327124938964843750e+02
1.624709472656250000e+02
9.897843933105468750e+01
1.581591339111328125e+02
1.184039230346679688e+02
1.075490875244140625e+02
1.118451919555664062e+02
2.416825256347656250e+02
1.918553466796875000e+02
6.074214477539062500e+02
4.126832580566406250e+02
5.928250732421875000e+02
8.560655975341796875e+01
5.859193725585937500e+02
2.796162719726562500e+02
3.354698486328125000e+02
1.377138977050781250e+02
4.048865966796875000e+02
9.108168792724609375e+01
1.985946502685546875e+02
5.047573089599609375e+01
2.256434478759765625e+02
2.018541259765625000e+02
4.820009765625000000e+02
4.117292480468750000e+02
2.081781921386718750e+02
1.384151153564453125e+02
2.367080078125000000e+02
2.460526428222656250e+02
1.249599761962890625e+02
9.854405975341796875e+01
8.794435882568359375e+01
5.553386306762695312e+01
1.703758697509765625e+02
3.076651000976562500e+02
1.231513671875000000e+02
6.779116058349609375e+01
4.130274963378906250e+02
3.678222961425781250e+02
2.487320709228515625e+02
3.511490478515625000e+02
4.213967895507812500e+02
1.397463073730468750e+02
2.065766906738281250e+02
2.330261077880859375e+02
1.069365615844726562e+02
3.030292663574218750e+02
2.183939056396484375e+02
1.210842285156250000e+02
3.292610778808593750e+02
1.711583862304687500e+02
2.957276000976562500e+02
3.243759155273437500e+02
2.307077941894531250e+02
1.346500854492187500e+02
2.319223480224609375e+02
2.738587341308593750e+02
3.292549438476562500e+02
2.770435180664062500e+02
3.248495483398437500e+02
3.784794921875000000e+02
3.113468322753906250e+02
2.894265136718750000e+02
3.184277343750000000e+02
4.787780151367187500e+02
4.137556762695312500e+02
4.383057250976562500e+02
3.099262695312500000e+02
4.410553894042968750e+02
4.284143676757812500e+02
1.069705078125000000e+03
1.125350570678710938e+02
3.768602294921875000e+02
1.706201171875000000e+02
1.317258605957031250e+02
1.445679626464843750e+02
1.652794342041015625e+02
4.669291992187500000e+02
3.835048522949218750e+02
2.687317810058593750e+02
1.378204956054687500e+02
7.886196899414062500e+01
1.604422912597656250e+02
2.764826049804687500e+02
1.036812362670898438e+02
1.613537292480468750e+02
6.254044189453125000e+02
4.789395141601562500e+02
1.449536132812500000e+02
4.054435119628906250e+02
2.288294525146484375e+02
3.415397644042968750e+02
2.624976196289062500e+02
1.491497955322265625e+02
2.173310089111328125e+02
3.660009765625000000e+02
1.887650909423828125e+02
1.644529418945312500e+02
3.344269714355468750e+02
4.140939025878906250e+02
2.333185424804687500e+02
1.073535522460937500e+03
6.700823364257812500e+02
3.633641967773437500e+02
1.891388702392578125e+02
1.339309692382812500e+02
1.169563064575195312e+02
1.890639801025390625e+02
7.683396911621093750e+01
1.040743560791015625e+02
2.851937866210937500e+02
1.479766387939453125e+02
1.737417449951171875e+02
4.641063537597656250e+02
5.145720825195312500e+02
2.466457061767578125e+02
7.195601196289062500e+02
4.568063049316406250e+02
2.249450988769531250e+02
3.738981323242187500e+02
2.688245849609375000e+02
7.546295166015625000e+01
2.059073638916015625e+02
3.768777770996093750e+02
2.882650756835937500e+02
2.087504425048828125e+02
2.994404907226562500e+02
1.623041229248046875e+02
1.528314819335937500e+02
1.531193237304687500e+02
1.522713775634765625e+02
3.195388793945312500e+02
6.246101074218750000e+02
4.592580871582031250e+02
2.536144561767578125e+02
1.974512939453125000e+02
1.527358856201171875e+02
1.362656860351562500e+02
1.343960418701171875e+02
4.216420898437500000e+02
2.336715698242187500e+02
2.529486999511718750e+02
2.025000152587890625e+02
1.777008056640625000e+02
4.477295532226562500e+02
3.832315979003906250e+02
4.321587524414062500e+02
2.577017517089843750e+02
6.021833801269531250e+01
3.541373596191406250e+02
2.753584899902343750e+02
1.640555114746093750e+02
4.833567199707031250e+02
4.858229064941406250e+02
5.901585693359375000e+02
8.797135162353515625e+01
1.940726623535156250e+02
1.798691406250000000e+02
3.069971618652343750e+02
3.333840942382812500e+02
2.557549743652343750e+02
9.213886718750000000e+02
6.474163818359375000e+02
1.792984619140625000e+02
2.131599426269531250e+02
2.130255432128906250e+02
3.245914611816406250e+02
1.570513916015625000e+02
2.847106933593750000e+02
1.580005493164062500e+02
8.681387329101562500e+01
1.358471374511718750e+02
3.162036743164062500e+02
2.694190063476562500e+02
4.551295471191406250e+02
1.265367660522460938e+02
3.473415527343750000e+02
1.756305541992187500e+02
1.618703002929687500e+02
2.705246582031250000e+02
1.781798095703125000e+02
2.737044067382812500e+02
2.518264007568359375e+02
2.476156311035156250e+02
2.556030273437500000e+02
1.602355346679687500e+02
8.627264404296875000e+01
3.621288452148437500e+02
3.374640502929687500e+02
4.378552246093750000e+02
5.285469818115234375e+01
2.407708435058593750e+02
2.586824645996093750e+02
3.866934509277343750e+02
1.561073150634765625e+02
1.754348449707031250e+02
1.202400970458984375e+02
2.904414978027343750e+02
1.322903747558593750e+02
1.948757476806640625e+02
1.593688659667968750e+02
1.442019042968750000e+02
1.554854125976562500e+02
2.471423797607421875e+02
2.903362731933593750e+02
1.617457275390625000e+02
3.079699401855468750e+02
3.769908447265625000e+02
1.293426055908203125e+02
1.699015960693359375e+02
2.878535461425781250e+02
1.484412689208984375e+02
7.340829467773437500e+01
2.342951507568359375e+02
3.538791503906250000e+02
1.915005340576171875e+02
2.440030212402343750e+02
1.438045806884765625e+02
7.182752227783203125e+01
1.024456863403320312e+02
1.482956237792968750e+02
3.205944519042968750e+02
7.055569458007812500e+02
2.664745178222656250e+02
1.479316101074218750e+02
5.836719360351562500e+02
4.839606933593750000e+02
3.039588623046875000e+02
5.910415039062500000e+02
2.217986907958984375e+02
3.097778320312500000e+02
5.091845397949218750e+02
4.423707275390625000e+02
6.056539916992187500e+02
1.359743347167968750e+02
2.194663696289062500e+02
1.351827545166015625e+02
1.719255981445312500e+02
1.435886077880859375e+02
3.664682006835937500e+02
4.113123474121093750e+02
3.037164306640625000e+02
1.515714416503906250e+02
2.433606872558593750e+02
1.363584442138671875e+02
1.582832031250000000e+02
1.081062011718750000e+02
1.751621093750000000e+02
2.379237823486328125e+02
3.344707946777343750e+02
8.535754394531250000e+01
3.190635986328125000e+02
3.907559814453125000e+02
4.079448242187500000e+02
3.565522155761718750e+02
3.750719299316406250e+02
1.208714904785156250e+02
2.671246643066406250e+02
2.509635467529296875e+02
3.054562988281250000e+02
9.993864440917968750e+01
1.750711059570312500e+02
1.860487976074218750e+02
4.065765075683593750e+02
6.112956542968750000e+02
2.158224639892578125e+02
8.129333496093750000e+01
2.649436645507812500e+02
1.948288574218750000e+02
2.125820922851562500e+02
1.605379333496093750e+02
3.314333496093750000e+02
1.336665344238281250e+02
1.308968200683593750e+02
1.677440338134765625e+02
2.389427490234375000e+02
2.410533447265625000e+02
1.047844390869140625e+02
1.710763397216796875e+02
8.027458953857421875e+01
3.006353759765625000e+02
5.877480468750000000e+02
7.034383544921875000e+02
1.512916107177734375e+02
6.572383422851562500e+02
1.606975250244140625e+02
1.888041534423828125e+02
9.514872741699218750e+01
4.136073608398437500e+02
1.641513977050781250e+02
3.716450195312500000e+02
3.247011108398437500e+02
4.907279663085937500e+02
7.642666015625000000e+02
4.327817077636718750e+02
1.231192092895507812e+02
1.640507202148437500e+02
1.585547637939453125e+02
2.449011535644531250e+02
2.383059082031250000e+02
7.666756591796875000e+02
3.623379516601562500e+02
2.203258209228515625e+02
1.667873535156250000e+02
1.242938613891601562e+02
1.848389282226562500e+02
4.012029418945312500e+02
2.141018829345703125e+02
2.127772064208984375e+02
1.896224212646484375e+02
1.360239105224609375e+02
1.677880249023437500e+02
2.522558441162109375e+02
4.010137023925781250e+02
2.731106262207031250e+02
1.003798751831054688e+02
4.774848556518554688e+01
7.636197662353515625e+01
3.446138610839843750e+02
2.154012298583984375e+02
1.915265655517578125e+02
1.190960693359375000e+02
3.696498413085937500e+02
2.440923767089843750e+02
8.074796142578125000e+02
2.522990417480468750e+02
1.410418090820312500e+02
6.893000030517578125e+01
1.849158935546875000e+02
2.056555328369140625e+02
1.107044296264648438e+02
9.800584411621093750e+01
1.083945999145507812e+02
1.295490875244140625e+02
2.461562347412109375e+02
6.759514617919921875e+01
2.373791351318359375e+02
3.191070861816406250e+02
1.227414398193359375e+02
6.334428100585937500e+02
2.287377319335937500e+02
8.751342010498046875e+01
2.318686523437500000e+02
9.224626159667968750e+01
1.195596160888671875e+02
4.114298400878906250e+02
6.040957260131835938e+01
5.621663818359375000e+02
2.107271270751953125e+02
3.576993408203125000e+02
2.655358276367187500e+02
3.197007446289062500e+02
5.253414306640625000e+02
2.219824218750000000e+02
2.814516906738281250e+02
2.128285522460937500e+02
3.493210144042968750e+02
1.684704284667968750e+02
4.161080017089843750e+02
1.303335723876953125e+02
4.015980834960937500e+02
2.196433715820312500e+02
5.530266113281250000e+02
5.620810546875000000e+02
2.836740112304687500e+02
1.183719482421875000e+02
2.402646179199218750e+02
1.353442230224609375e+02
1.577955322265625000e+02
2.907127380371093750e+02
2.586623229980468750e+02
4.076308288574218750e+02
4.306202087402343750e+02
2.288717956542968750e+02
1.005598220825195312e+02
1.600414886474609375e+02
3.941204833984375000e+02
2.380799865722656250e+02
4.551906738281250000e+02
2.461179809570312500e+02
2.724687500000000000e+02
2.334999084472656250e+02
2.885939941406250000e+02
6.900457763671875000e+01
5.210083618164062500e+02
5.015347290039062500e+02
9.294374847412109375e+01
8.757022857666015625e+01
2.005760803222656250e+02
2.810245056152343750e+02
2.857118225097656250e+02
1.152222518920898438e+02
1.376924133300781250e+02
7.987546539306640625e+01
1.675039062500000000e+02
2.427603454589843750e+02
1.783054504394531250e+02
3.191542358398437500e+02
7.863822937011718750e+01
2.115270996093750000e+02
1.801781616210937500e+02
1.759641418457031250e+02
2.887179260253906250e+02
2.818647460937500000e+02
2.073711700439453125e+02
1.102342834472656250e+02
1.057085647583007812e+02
2.925663757324218750e+02
7.751455688476562500e+01
1.590281524658203125e+02
2.105646057128906250e+02
9.665075683593750000e+01
1.185083999633789062e+02
1.063653564453125000e+02
2.077855224609375000e+02
4.742335205078125000e+02
1.931094360351562500e+02
2.989230346679687500e+02
3.173905029296875000e+02
2.443869171142578125e+02
1.871177825927734375e+02
1.978925323486328125e+02
1.344258117675781250e+02
2.735188598632812500e+02
2.048194580078125000e+02
6.305346679687500000e+01
1.663484344482421875e+02
2.625889892578125000e+02
2.610772094726562500e+02
1.380397949218750000e+02
2.678728637695312500e+02
1.790004272460937500e+02
2.085493164062500000e+02
2.592238769531250000e+02
1.467822265625000000e+02
1.246248092651367188e+02
1.724569396972656250e+02
1.473658905029296875e+02
3.781831359863281250e+02
2.637554321289062500e+02
2.366098327636718750e+02
6.685874633789062500e+02
1.603478851318359375e+02
7.961093139648437500e+01
1.911929779052734375e+02
5.258510131835937500e+02
2.958004455566406250e+02
1.412157440185546875e+02
1.063619079589843750e+02
2.918417053222656250e+02
1.816125488281250000e+02
7.185977783203125000e+02
2.093809051513671875e+02
2.576914367675781250e+02
8.114502716064453125e+01
2.230572814941406250e+02
1.155354537963867188e+02
2.980782165527343750e+02
8.041152191162109375e+01
1.193337554931640625e+02
2.153739624023437500e+02
7.427769470214843750e+01
1.815462036132812500e+02
3.895855102539062500e+02
4.054742431640625000e+02
2.474768981933593750e+02
3.966642150878906250e+02
3.294238891601562500e+02
4.632438964843750000e+02
2.536709136962890625e+02
1.624161682128906250e+02
2.106856384277343750e+02
3.675267333984375000e+02
4.516921081542968750e+02
1.613166046142578125e+02
2.189847259521484375e+02
2.255985107421875000e+02
7.537628936767578125e+01
1.751049957275390625e+02
2.776805725097656250e+02
2.090612335205078125e+02
4.092311706542968750e+02
1.842119140625000000e+02
2.769933471679687500e+02
4.329213867187500000e+02
2.497248992919921875e+02
1.645377197265625000e+02
1.232642822265625000e+02
2.470381774902343750e+02
2.935537719726562500e+02
4.128777465820312500e+02
6.928735961914062500e+02
4.529194335937500000e+02
4.570007324218750000e+02
2.739652099609375000e+02
1.697897644042968750e+02
2.421168975830078125e+02
2.229381713867187500e+02
8.629331054687500000e+02
3.370295410156250000e+02
1.718549194335937500e+02
2.604965209960937500e+02
4.577735290527343750e+02
1.731220092773437500e+02
3.290954895019531250e+02
2.635445251464843750e+02
6.471856689453125000e+01
9.964960479736328125e+01
9.471945190429687500e+01
1.241715850830078125e+02
2.406728515625000000e+02
1.876459197998046875e+02
6.534796142578125000e+01
9.570532226562500000e+01
1.633434906005859375e+02
7.617761230468750000e+02
8.278706665039062500e+02
4.011976013183593750e+02
1.362732086181640625e+02
3.878566589355468750e+02
4.747733154296875000e+02
3.197554016113281250e+02
1.520810241699218750e+02
2.233653564453125000e+02
2.973836669921875000e+02
4.176425476074218750e+02
3.754083557128906250e+02
2.172659454345703125e+02
1.162231903076171875e+02
4.626319503784179688e+01
8.577911376953125000e+01
9.498333740234375000e+01
6.648699951171875000e+01
1.156220550537109375e+02
2.244647521972656250e+02
1.874449615478515625e+02
4.955765075683593750e+02
6.822252197265625000e+02
1.046198883056640625e+02
1.115891113281250000e+02
1.423287048339843750e+02
2.473253479003906250e+02
1.059472808837890625e+02
5.101731567382812500e+02
6.179763793945312500e+01
2.860733642578125000e+02
6.863100433349609375e+01
1.017726440429687500e+02
1.613507537841796875e+02
2.016487731933593750e+02
3.912926940917968750e+02
1.923651733398437500e+02
9.861329650878906250e+01
1.724778137207031250e+02
1.295768890380859375e+02
4.332669982910156250e+02
5.764646606445312500e+02
5.024271545410156250e+02
5.780151367187500000e+02
7.715886688232421875e+01
2.071646270751953125e+02
1.276451110839843750e+02
2.481756134033203125e+02
1.510036315917968750e+02
2.258681182861328125e+02
9.201147460937500000e+01
1.944352111816406250e+02
3.443009033203125000e+02
1.701481628417968750e+02
2.371129302978515625e+02
1.090641098022460938e+02
5.896050262451171875e+01
1.101858825683593750e+02
9.896685791015625000e+01
2.342666625976562500e+02
2.391550292968750000e+02
6.260824584960937500e+02
1.373760375976562500e+02
3.266921081542968750e+02
2.072518005371093750e+02
3.551498107910156250e+02
2.921679687500000000e+02
1.954484863281250000e+02
3.812017211914062500e+02
1.018336181640625000e+02
3.568562011718750000e+02
1.937498779296875000e+02
1.979903717041015625e+02
1.134906997680664062e+02
1.894334564208984375e+02
1.342092437744140625e+02
5.148800048828125000e+02
2.335790710449218750e+02
1.646954498291015625e+02
1.439573669433593750e+02
2.708053588867187500e+02
1.350694732666015625e+02
4.937674255371093750e+02
2.508510894775390625e+02
1.533064270019531250e+02
1.819303588867187500e+02
1.911805114746093750e+02
2.346753234863281250e+02
2.734115905761718750e+02
2.560379028320312500e+02
2.149179534912109375e+02
1.344210357666015625e+02
2.698752136230468750e+02
3.375106201171875000e+02
3.461772766113281250e+02
8.893292236328125000e+01
1.018303146362304688e+02
1.639638671875000000e+02
3.038262023925781250e+02
9.877347564697265625e+01
1.060990295410156250e+02
2.118616638183593750e+02
3.151696472167968750e+02
6.097427978515625000e+02
1.604333343505859375e+02
1.996005249023437500e+02
2.535135650634765625e+02
1.659960632324218750e+02
2.457006072998046875e+02
2.264785766601562500e+02
3.376008300781250000e+02
1.118186264038085938e+02
7.599555969238281250e+01
9.888413238525390625e+01
4.551607055664062500e+02
6.037114868164062500e+02
1.846971740722656250e+02
2.598478698730468750e+02
2.142455596923828125e+02
7.371776123046875000e+02
6.290615844726562500e+01
3.926495971679687500e+02
1.679172058105468750e+02
1.197458114624023438e+02
5.957800903320312500e+02
4.684155273437500000e+02
1.798710479736328125e+02
5.609357299804687500e+02
2.994888610839843750e+02
2.554876251220703125e+02
4.418908081054687500e+02
1.932740020751953125e+02
3.014461669921875000e+02
1.375376129150390625e+02
1.423907165527343750e+02
1.867997436523437500e+02
2.353626098632812500e+02
6.499449462890625000e+02
3.701414184570312500e+02
2.205415954589843750e+02
1.265772094726562500e+02
1.772601318359375000e+02
2.530911560058593750e+02
2.254383697509765625e+02
3.720422973632812500e+02
1.326569366455078125e+02
1.646202697753906250e+02
2.871116027832031250e+02
1.684845581054687500e+02
2.529623870849609375e+02
2.186360473632812500e+02
2.218957061767578125e+02
2.159653015136718750e+02
1.587973632812500000e+02
1.247351760864257812e+02
3.698784790039062500e+02
2.365769042968750000e+02
4.403333740234375000e+02
3.761194458007812500e+02
5.851228637695312500e+02
5.887345581054687500e+02
2.589645996093750000e+02
2.961034545898437500e+02
4.092139892578125000e+02
1.668770446777343750e+02
3.598756713867187500e+02
1.312200622558593750e+02
1.870685119628906250e+02
4.162571105957031250e+02
2.018559265136718750e+02
3.566114807128906250e+02
2.373481750488281250e+02
1.606715698242187500e+02
1.040151062011718750e+02
1.891939392089843750e+02
2.299107818603515625e+02
1.407561187744140625e+02
1.399631958007812500e+02
1.565477447509765625e+02
1.854881439208984375e+02
2.159922180175781250e+02
2.964570922851562500e+02
1.925109252929687500e+02
7.660001220703125000e+02
8.212956542968750000e+02
2.608208007812500000e+02
1.279928970336914062e+02
2.099821777343750000e+02
4.322773437500000000e+02
1.436698303222656250e+02
8.582127380371093750e+01
2.022258758544921875e+02
2.492221832275390625e+02
1.681112670898437500e+02
2.418287048339843750e+02
2.310145263671875000e+02
3.471489257812500000e+02
1.058137939453125000e+03
6.296731567382812500e+02
5.127293701171875000e+02
3.450785522460937500e+02
2.826210632324218750e+02
1.354693298339843750e+02
2.377886199951171875e+02
2.570666198730468750e+02
1.209585266113281250e+02
2.171956176757812500e+02
3.366263427734375000e+02
4.397832641601562500e+02
1.407965087890625000e+02
1.447225494384765625e+02
1.473309631347656250e+02
2.162408752441406250e+02
2.706504516601562500e+02
1.763740539550781250e+02
1.735268859863281250e+02
1.737359161376953125e+02
3.949056701660156250e+02
8.691752624511718750e+01
1.644045715332031250e+02
3.937186889648437500e+02
2.358934020996093750e+02
4.848868103027343750e+02
6.298444824218750000e+02
6.594073486328125000e+02
2.767977294921875000e+02
2.393597564697265625e+02
3.140278625488281250e+02
2.641297607421875000e+02
6.258116455078125000e+02
1.078847045898437500e+03
5.188421020507812500e+02
1.440300598144531250e+02
1.111642837524414062e+02
1.175488586425781250e+02
3.147467041015625000e+02
3.299235534667968750e+02
5.397454833984375000e+02
2.178590393066406250e+02
2.357239837646484375e+02
2.687974853515625000e+02
1.506676330566406250e+02
1.237146911621093750e+02
9.630525207519531250e+01
6.892061767578125000e+02
2.845151977539062500e+02
2.087287139892578125e+02
4.523200988769531250e+02
3.868372802734375000e+02
6.063865966796875000e+02
1.915458374023437500e+02
5.569458618164062500e+02
2.573902282714843750e+02
4.781546020507812500e+02
2.963173217773437500e+02
7.543128051757812500e+02
1.194588851928710938e+02
1.551797943115234375e+02
5.069270935058593750e+02
4.130524291992187500e+02
8.694855957031250000e+02
6.415159301757812500e+02
2.370777893066406250e+02
2.673353271484375000e+02
1.359663696289062500e+02
7.313292846679687500e+02
7.599945068359375000e+02
4.907897338867187500e+02
4.448692932128906250e+02
3.381488647460937500e+02
1.039304504394531250e+02
7.773374938964843750e+01
1.470221710205078125e+02
7.100634765625000000e+01
1.330090637207031250e+02
7.886908721923828125e+01
1.085688629150390625e+02
1.311440734863281250e+02
1.249710845947265625e+02
7.236120605468750000e+01
1.213946685791015625e+02
4.308630065917968750e+02
2.309213256835937500e+02
1.429497985839843750e+02
3.267984008789062500e+02
8.250052642822265625e+01
6.495866394042968750e+01
6.548476409912109375e+01
4.385459289550781250e+02
2.590178222656250000e+02
1.549297180175781250e+02
1.126539001464843750e+02
9.151668548583984375e+01
1.426769409179687500e+02
2.088906555175781250e+02
9.331285400390625000e+02
9.341996765136718750e+01
3.282816772460937500e+02
1.158647918701171875e+02
3.157220458984375000e+02
4.700671691894531250e+02
2.838194580078125000e+02
1.090630035400390625e+02
1.267319030761718750e+02
1.302115173339843750e+02
1.687759704589843750e+02
3.180527343750000000e+02
1.770479278564453125e+02
2.657635498046875000e+02
1.660346069335937500e+02
1.770721740722656250e+02
7.688132476806640625e+01
1.095657730102539062e+02
2.819179382324218750e+02
2.296852111816406250e+02
2.543676147460937500e+02
3.221088867187500000e+02
2.802254943847656250e+02
1.153878936767578125e+02
1.891185302734375000e+02
2.758861694335937500e+02
2.100815429687500000e+02
1.478728027343750000e+02
2.224016723632812500e+02
2.388191528320312500e+02
5.723923339843750000e+02
5.793646240234375000e+02
9.773668670654296875e+01
1.338173980712890625e+02
1.379994049072265625e+02
2.402308654785156250e+02
3.789559631347656250e+02
2.813893127441406250e+02
5.693892211914062500e+02
5.393551025390625000e+02
3.331467895507812500e+02
4.271878662109375000e+02
5.334158935546875000e+02
5.387213134765625000e+02
2.412945251464843750e+02
1.937393646240234375e+02
1.971997985839843750e+02
1.071128311157226562e+02
8.279042816162109375e+01
1.819868164062500000e+02
5.978831481933593750e+01
1.477897338867187500e+02
4.500723571777343750e+02
2.455963439941406250e+02
1.180540695190429688e+02
7.528106689453125000e+02
3.474756164550781250e+02
4.036047363281250000e+02
6.202316894531250000e+02
8.411147460937500000e+02
3.946477355957031250e+02
2.119267425537109375e+02
3.172142639160156250e+02
1.609020080566406250e+02
1.694890594482421875e+02
8.153621673583984375e+01
4.109356079101562500e+02
2.540213012695312500e+02
2.565128479003906250e+02
3.645796203613281250e+02
2.068631134033203125e+02
2.455217132568359375e+02
2.820721130371093750e+02
7.029302978515625000e+02
6.836882934570312500e+02
9.927563476562500000e+01
2.402680664062500000e+02
2.475860137939453125e+02
4.771251831054687500e+02
1.777468414306640625e+02
3.036190185546875000e+02
3.145539550781250000e+02
3.420590820312500000e+02
1.076695938110351562e+02
4.607728881835937500e+02
1.889075622558593750e+02
9.825525512695312500e+02
5.678771362304687500e+02
5.953773193359375000e+02
3.355816955566406250e+02
1.187432861328125000e+02
3.215903930664062500e+02
5.899103393554687500e+02
3.011905822753906250e+02
2.602005615234375000e+02
1.382979583740234375e+02
2.444817047119140625e+02
8.080177307128906250e+01
7.205435943603515625e+01
1.020022583007812500e+02
5.042430496215820312e+01
1.232342224121093750e+02
1.618916473388671875e+02
2.326343383789062500e+02
5.318292999267578125e+01
1.115021362304687500e+02
1.245494155883789062e+02
2.209227600097656250e+02
6.733787231445312500e+02
1.179464416503906250e+02
1.914158630371093750e+02
2.937271118164062500e+02
2.498185729980468750e+02
4.150503234863281250e+02
1.805859680175781250e+02
1.117576370239257812e+02
1.848186035156250000e+02
2.217648010253906250e+02
2.830675964355468750e+02
2.553547973632812500e+02
2.839989318847656250e+02
1.642777099609375000e+02
1.640196990966796875e+02
5.397904663085937500e+02
5.125893554687500000e+02
2.756460571289062500e+02
2.176018981933593750e+02
1.748130187988281250e+02
2.132363586425781250e+02
1.461680908203125000e+02
1.773301086425781250e+02
4.207672729492187500e+02
3.518704528808593750e+02
3.129854736328125000e+02
2.954991760253906250e+02
3.895106811523437500e+02
7.372126464843750000e+02
1.060453186035156250e+02
7.521293945312500000e+02
3.759826965332031250e+02
3.890467224121093750e+02
2.534377441406250000e+02
2.791915283203125000e+02
3.014336547851562500e+02
2.833290710449218750e+02
5.034445800781250000e+02
3.201250610351562500e+02
4.623516845703125000e+02
1.699208221435546875e+02
5.075705871582031250e+02
1.664812011718750000e+02
1.414463500976562500e+02
7.058308105468750000e+02
4.859295959472656250e+02
2.281930084228515625e+02
3.938814086914062500e+02
4.926978454589843750e+02
4.179954223632812500e+02
4.442999572753906250e+02
4.739519653320312500e+02
1.841087890625000000e+03
2.493595886230468750e+02
2.942733459472656250e+02
1.583651275634765625e+02
2.729716796875000000e+02
3.291085815429687500e+02
5.163422851562500000e+02
1.782920532226562500e+02
3.458223266601562500e+02
1.348411407470703125e+02
7.871764373779296875e+01
6.447346496582031250e+01
1.299209289550781250e+02
4.194356689453125000e+02
3.408989257812500000e+02
4.309086303710937500e+02
3.515321655273437500e+02
4.429779357910156250e+02
1.368600463867187500e+02
1.170827484130859375e+02
1.218336029052734375e+02
1.867336425781250000e+02
6.031942367553710938e+01
7.344622039794921875e+01
1.015757980346679688e+02
8.888259887695312500e+01
6.333297348022460938e+01
7.418736267089843750e+01
