05.0 0.9755006538524787 0.9511918862911417 478.0
06.0 0.9782500453373094 0.9629062688460761 467.0
07.0 0.9790989019233605 0.9705918990155875 464.0
08.0 0.9759463962112370 0.9614194718703438 473.0
09.0 0.9796252712607384 0.9722307522781193 480.0
10.0 0.9804559510813282 0.9589459275180742 493.0
11.0 0.9798016526505479 0.9664570256096557 468.0
12.0 0.9789054346257362 0.9679961201250862 483.0
13.0 0.9795758340256345 0.9730056940648393 489.0
14.0 0.9764985587060325 0.9631651602171346 471.0
15.0 0.9803732515356536 0.9785767359114376 489.0
16.0 0.9812620279710155 0.9734075025401332 484.0
17.0 0.9805892185160988 0.9696557099176081 475.0
18.0 0.9809351038079400 0.9685663054436778 447.0
19.0 0.9800606755028783 0.9781356368551806 452.0
20.0 0.9786721530460543 0.9676079655914838 496.0
21.0 0.9793922136858350 0.9731739479914827 488.0
22.0 0.9800621789077233 0.9805652257911432 435.0
23.0 0.9789818929046648 0.9687446180142016 468.0
24.0 0.9789189472942655 0.9613972979266322 503.0
25.0 0.9783860479801954 0.9711012617203312 497.0
