05.0 0.9889763453195799 0.9718450570288257 454.0
06.0 0.9905233330252811 0.9801017778746421 473.0
07.0 0.9905675195031247 0.9836563576581114 472.0
08.0 0.9895657695693854 0.9778735524895421 493.0
09.0 0.9906303915019813 0.9758909789681685 478.0
10.0 0.9917227625846863 0.9804998196012908 471.0
11.0 0.9913491315311855 0.9818441381553809 450.0
12.0 0.9914263754899497 0.9752258483695299 487.0
13.0 0.9915937612433698 0.9781705727475625 487.0
14.0 0.9909753481380078 0.9819622541065601 476.0
15.0 0.9902718892106768 0.9762228644715321 513.0
16.0 0.9905270390721210 0.9733641329581426 498.0
17.0 0.9909614801649649 0.9805327641460930 491.0
18.0 0.9897670683708597 0.9793028941219475 470.0
19.0 0.9910056555741712 0.9798944489540238 456.0
20.0 0.9908186988113752 0.9820702168867317 459.0
21.0 0.9907573114044933 0.9838603504264875 482.0
22.0 0.9909194712954035 0.9773470412796812 469.0
23.0 0.9915477162047016 0.9836448833081849 507.0
24.0 0.9913012754944932 0.9855092524231731 429.0
25.0 0.9909903758579923 0.9773112360157610 485.0
