5.0 0.9841238052311928 0.9083725210938246 407.0
6.0 0.9842292356647944 0.8993594117468762 456.0
7.0 0.9828660953474246 0.9171134624682008 472.0
8.0 0.984464225609128 0.9213891686605218 492.0
9.0 0.9854141071291254 0.9322548251082696 505.0
10.0 0.9829000501820211 0.921746580165633 445.0
11.0 0.9858166692945046 0.9348179209613945 492.0
12.0 0.9851226887154964 0.9166349860456502 496.0
13.0 0.9849103664574416 0.9268888866371962 460.0
14.0 0.9844561884525234 0.9185058303385365 469.0
15.0 0.9839690232227349 0.9207362547689146 481.0
16.0 0.9849707349441004 0.935765032439664 451.0
17.0 0.9851420812214478 0.9304496108628967 474.0
18.0 0.9853640933313924 0.9166561257306912 499.0
19.0 0.9854725646085976 0.9361953838138595 484.0
20.0 0.9848246451616287 0.928875816441141 500.0
21.0 0.9846544260780017 0.9302211566692373 480.0
22.0 0.9855495342240526 0.93574665382851 473.0
23.0 0.985748561338765 0.9307834504682307 482.0
24.0 0.9861067580986783 0.9410289609285287 502.0
25.0 0.9854857819775741 0.9390492568840273 480.0
