5.0 0.9859073311090469 0.9798705577850342 4.0
6.0 0.9922779897848765 0.9894474347432455 6.0
7.0 0.9910845919088884 0.9863135435364463 11.0
8.0 0.9888030886650085 0.9881200641393661 4.0
9.0 0.9871814727783204 0.989078676700592 5.0
10.0 0.9930501920836312 0.9787554485457284 7.0
11.0 0.9920205871264139 0.9905163943767548 6.0
12.0 0.9930501878261566 0.788029994815588 4.0
13.0 0.9884169846773148 0.9881968200206757 4.0
14.0 0.9861003756523132 0.9881304701169332 3.0
15.0 0.9896525025367737 0.9885392785072327 5.0
16.0 0.9832689960797628 0.9874415596326193 3.0
17.0 0.9891891837120056 0.9893473863601685 5.0
18.0 0.9911197125911713 0.9943916201591492 2.0
19.0 0.9906048874060313 0.9880321125189463 6.0
20.0 0.9953667879104614 0.9820391058921814 5.0
21.0 0.9933590769767762 0.9817657113075257 5.0
22.0 0.9934363067150116 0.9811698645353317 4.0
23.0 0.9976834058761597 0.995774507522583 1.0
24.0 0.9920205871264139 0.9769529203573862 6.0
25.0 0.9882239401340485 0.9831641167402267 4.0
