5.0 0.9854715185930827 0.9028117162157294 461.0
6.0 0.9838191157827775 0.8980004671015195 480.0
7.0 0.9847629807116444 0.9141679980183559 453.0
8.0 0.9831529615999578 0.9073376370975134 455.0
9.0 0.9845784125173309 0.9209026501173508 493.0
10.0 0.985683735793199 0.9272676250496046 492.0
11.0 0.985922493106496 0.934725635590246 452.0
12.0 0.9851142221650935 0.9169594684438241 467.0
13.0 0.985725120306015 0.9401944652613666 450.0
14.0 0.9856468615206805 0.9265853339798502 484.0
15.0 0.9863357351872133 0.9335489133818233 481.0
16.0 0.9852674918284247 0.9303789018869151 479.0
17.0 0.9857132774172053 0.9397164564877589 469.0
18.0 0.9845938475546009 0.9312809716255781 501.0
19.0 0.9851075104663246 0.9293539880882753 475.0
20.0 0.9849350021546146 0.9318698043224353 498.0
21.0 0.9841085437652284 0.9192651676382886 452.0
22.0 0.9856357040163326 0.9432316752776787 473.0
23.0 0.9848091255177508 0.9356759403023746 455.0
24.0 0.9848052374521892 0.9217455606304464 525.0
25.0 0.9858195313132635 0.9307461532957778 505.0
