5.0 0.9838802064986939 0.9107761593555358 470.0
6.0 0.9841374522904185 0.9220420837973092 483.0
7.0 0.982253067726516 0.9090289366023725 491.0
8.0 0.9838648901366797 0.9199010430277921 488.0
9.0 0.9851710039785103 0.9081518915492145 453.0
10.0 0.9853169628125392 0.9164383122580814 479.0
11.0 0.9849013790587364 0.9157022411213308 451.0
12.0 0.985224302729656 0.9253359269039657 464.0
13.0 0.9836779144140754 0.9229417129101619 505.0
14.0 0.9851039024499747 0.9258462994296749 520.0
15.0 0.985339118360717 0.9207237278156565 473.0
16.0 0.9860522653683123 0.9285493571176586 498.0
17.0 0.9848885091601826 0.9347993049343102 488.0
18.0 0.9832393313007787 0.9232574719900455 463.0
19.0 0.9834992922765693 0.9279394405454724 485.0
20.0 0.9856020421381818 0.9189108205922195 453.0
21.0 0.9859053825250509 0.9311759678529359 507.0
22.0 0.9849327343284704 0.919588549052723 471.0
23.0 0.9856244005026036 0.9296051176369627 409.0
24.0 0.9848220758771492 0.9311427690988501 472.0
25.0 0.9837610674104351 0.9307816328905011 477.0
