5.0 0.9828810021125698 0.9118444269842862 479.0
6.0 0.982215338314955 0.8921718892868226 468.0
7.0 0.9846339541686001 0.9148147556049591 483.0
8.0 0.9855979595154462 0.9238201990288085 479.0
9.0 0.9842959801355998 0.9230291995430185 465.0
10.0 0.9844840810753992 0.9164820195110979 482.0
11.0 0.9845736560619567 0.922432070862346 484.0
12.0 0.9846202334712068 0.9287650072283494 421.0
13.0 0.9853605081441374 0.9320760052872034 506.0
14.0 0.9863198590993371 0.9296175140480668 467.0
15.0 0.9841630664546933 0.9236003973514081 452.0
16.0 0.9853283979094591 0.9268120603252187 466.0
17.0 0.9857376596178934 0.9367438717465225 449.0
18.0 0.9844444226912309 0.9353418538558279 467.0
19.0 0.9857842212564805 0.9157358020763187 425.0
20.0 0.9861954236284215 0.9344577332284857 470.0
21.0 0.9845747071818302 0.930826244527278 475.0
22.0 0.9851887969532472 0.9257978316971164 457.0
23.0 0.9848458508855289 0.9327098083125485 485.0
24.0 0.9846913733156809 0.9266974800958272 498.0
25.0 0.9844302979446727 0.9260060444926105 507.0
