5.034575611352920532e-02
1.006915122270584106e-01
1.510372757911682129e-01
2.013830244541168213e-01
2.517287731170654297e-01
3.020745515823364258e-01
3.524203002452850342e-01
4.027660489082336426e-01
4.531117975711822510e-01
5.034575462341308594e-01
5.538033246994018555e-01
6.041491031646728516e-01
6.544948220252990723e-01
7.048406004905700684e-01
7.551863193511962891e-01
8.055320978164672852e-01
8.558778762817382812e-01
9.062235951423645020e-01
9.565693736076354980e-01
1.006915092468261719e+00
1.057260870933532715e+00
1.107606649398803711e+00
1.157952427864074707e+00
1.208298206329345703e+00
1.258643984794616699e+00
1.308989763259887695e+00
1.359335422515869141e+00
1.409681200981140137e+00
1.460026979446411133e+00
1.510372757911682129e+00
1.560718536376953125e+00
1.611064195632934570e+00
1.661409974098205566e+00
1.711755752563476562e+00
1.762101411819458008e+00
1.812447190284729004e+00
1.862792968750000000e+00
1.913138747215270996e+00
1.963484525680541992e+00
2.013830184936523438e+00
2.064175844192504883e+00
2.114521741867065430e+00
2.164867401123046875e+00
2.215213298797607422e+00
2.265558958053588867e+00
2.315904617309570312e+00
2.366250514984130859e+00
2.416596412658691406e+00
2.466942071914672852e+00
2.517287969589233398e+00
2.567633628845214844e+00
2.617979526519775391e+00
2.668325185775756836e+00
2.718670845031738281e+00
2.769016742706298828e+00
2.819362401962280273e+00
2.869708061218261719e+00
2.920053958892822266e+00
2.970399618148803711e+00
3.020745515823364258e+00
3.071091175079345703e+00
3.121437072753906250e+00
3.171782732009887695e+00
3.222128391265869141e+00
3.272474050521850586e+00
3.322819948196411133e+00
3.373165607452392578e+00
3.423511505126953125e+00
3.473857164382934570e+00
3.524202823638916016e+00
3.574548721313476562e+00
3.624894380569458008e+00
3.675240039825439453e+00
3.725585937500000000e+00
3.775931596755981445e+00
3.826277494430541992e+00
3.876623153686523438e+00
3.926969051361083984e+00
3.977314710617065430e+00
4.027660369873046875e+00
4.078006267547607422e+00
4.128351688385009766e+00
4.178697586059570312e+00
4.229043483734130859e+00
4.279389381408691406e+00
4.329734802246093750e+00
4.380080699920654297e+00
4.430426597595214844e+00
4.480772495269775391e+00
4.531117916107177734e+00
4.581463813781738281e+00
4.631809711456298828e+00
4.682155609130859375e+00
4.732501029968261719e+00
4.782846927642822266e+00
4.833192825317382812e+00
4.883538722991943359e+00
4.933884143829345703e+00
4.984230041503906250e+00
5.034575939178466797e+00
5.084921836853027344e+00
5.135267257690429688e+00
5.185613155364990234e+00
5.235958576202392578e+00
5.286304473876953125e+00
5.336649894714355469e+00
5.386995792388916016e+00
5.437341690063476562e+00
5.487687110900878906e+00
5.538033008575439453e+00
5.588378906250000000e+00
5.638724803924560547e+00
5.689070701599121094e+00
5.739416122436523438e+00
5.789762020111083984e+00
5.840107917785644531e+00
5.890453338623046875e+00
5.940799236297607422e+00
5.991145133972167969e+00
6.041490554809570312e+00
6.091836452484130859e+00
6.142181873321533203e+00
6.192527770996093750e+00
6.242873668670654297e+00
6.293219566345214844e+00
6.343564987182617188e+00
6.393910884857177734e+00
6.444256782531738281e+00
6.494602680206298828e+00
6.544948101043701172e+00
6.595293998718261719e+00
6.645639896392822266e+00
6.695985794067382812e+00
6.746331214904785156e+00
6.796677112579345703e+00
6.847023010253906250e+00
6.897368907928466797e+00
6.947714328765869141e+00
6.998060226440429688e+00
7.048406124114990234e+00
7.098752021789550781e+00
7.149097442626953125e+00
7.199443340301513672e+00
7.249788761138916016e+00
7.300134658813476562e+00
7.350480079650878906e+00
7.400825977325439453e+00
7.451171875000000000e+00
7.501517295837402344e+00
7.551863193511962891e+00
7.602209091186523438e+00
7.652554988861083984e+00
7.702900886535644531e+00
7.753246307373046875e+00
7.803592205047607422e+00
7.853938102722167969e+00
7.904283523559570312e+00
7.954629421234130859e+00
8.004975318908691406e+00
8.055320739746093750e+00
8.105666160583496094e+00
8.156012535095214844e+00
8.206357955932617188e+00
8.256703376770019531e+00
8.307049751281738281e+00
8.357395172119140625e+00
8.407740592956542969e+00
8.458086967468261719e+00
8.508432388305664062e+00
8.558778762817382812e+00
8.609124183654785156e+00
8.659469604492187500e+00
8.709815979003906250e+00
8.760161399841308594e+00
8.810506820678710938e+00
8.860853195190429688e+00
8.911198616027832031e+00
8.961544990539550781e+00
9.011890411376953125e+00
9.062235832214355469e+00
9.112582206726074219e+00
9.162927627563476562e+00
9.213273048400878906e+00
9.263619422912597656e+00
9.313964843750000000e+00
9.364311218261718750e+00
9.414656639099121094e+00
9.465002059936523438e+00
9.515348434448242188e+00
9.565693855285644531e+00
9.616039276123046875e+00
9.666385650634765625e+00
9.716731071472167969e+00
9.767077445983886719e+00
9.817422866821289062e+00
9.867768287658691406e+00
9.918114662170410156e+00
9.968460083007812500e+00
1.001880550384521484e+01
1.006915092468261719e+01
1.011949634552001953e+01
1.016984272003173828e+01
1.022018814086914062e+01
1.027053356170654297e+01
1.032087993621826172e+01
1.037122535705566406e+01
1.042157077789306641e+01
1.047191715240478516e+01
1.052226257324218750e+01
1.057260894775390625e+01
1.062295436859130859e+01
1.067329978942871094e+01
1.072364616394042969e+01
1.077399158477783203e+01
1.082433700561523438e+01
1.087468338012695312e+01
1.092502880096435547e+01
1.097537517547607422e+01
1.102572059631347656e+01
1.107606601715087891e+01
1.112641239166259766e+01
1.117675781250000000e+01
1.122710323333740234e+01
1.127744960784912109e+01
1.132779502868652344e+01
1.137814140319824219e+01
1.142848682403564453e+01
1.147883224487304688e+01
1.152917861938476562e+01
1.157952404022216797e+01
1.162986946105957031e+01
1.168021583557128906e+01
1.173056125640869141e+01
1.178090763092041016e+01
1.183125305175781250e+01
1.188159847259521484e+01
1.193194484710693359e+01
1.198229026794433594e+01
1.203263568878173828e+01
1.208298110961914062e+01
1.213332653045654297e+01
1.218367290496826172e+01
1.223401832580566406e+01
1.228436374664306641e+01
1.233471012115478516e+01
1.238505554199218750e+01
1.243540096282958984e+01
1.248574733734130859e+01
1.253609275817871094e+01
1.258643913269042969e+01
1.263678455352783203e+01
1.268712997436523438e+01
1.273747634887695312e+01
1.278782176971435547e+01
1.283816719055175781e+01
1.288851356506347656e+01
1.293885898590087891e+01
1.298920536041259766e+01
1.303955078125000000e+01
1.308989620208740234e+01
1.314024257659912109e+01
1.319058799743652344e+01
1.324093341827392578e+01
1.329127979278564453e+01
1.334162521362304688e+01
1.339197158813476562e+01
1.344231700897216797e+01
1.349266242980957031e+01
1.354300880432128906e+01
1.359335422515869141e+01
1.364369964599609375e+01
1.369404602050781250e+01
1.374439144134521484e+01
1.379473781585693359e+01
1.384508323669433594e+01
1.389542865753173828e+01
1.394577503204345703e+01
1.399612045288085938e+01
1.404646587371826172e+01
1.409681129455566406e+01
1.414715671539306641e+01
1.419750308990478516e+01
1.424784851074218750e+01
1.429819393157958984e+01
1.434854030609130859e+01
1.439888572692871094e+01
1.444923114776611328e+01
1.449957752227783203e+01
1.454992294311523438e+01
1.460026931762695312e+01
1.465061473846435547e+01
1.470096015930175781e+01
1.475130653381347656e+01
1.480165195465087891e+01
1.485199737548828125e+01
1.490234375000000000e+01
1.495268917083740234e+01
1.500303554534912109e+01
1.505338096618652344e+01
1.510372638702392578e+01
1.515407276153564453e+01
1.520441818237304688e+01
1.525476360321044922e+01
1.530510997772216797e+01
1.535545539855957031e+01
1.540580177307128906e+01
1.545614719390869141e+01
1.550649261474609375e+01
1.555683898925781250e+01
1.560718441009521484e+01
1.565752983093261719e+01
1.570787620544433594e+01
1.575822162628173828e+01
1.580856800079345703e+01
1.585891342163085938e+01
1.590925884246826172e+01
1.595960521697998047e+01
1.600995063781738281e+01
1.606029701232910156e+01
1.611064147949218750e+01
1.616098785400390625e+01
1.621133232116699219e+01
1.626167869567871094e+01
1.631202507019042969e+01
1.636236953735351562e+01
1.641271591186523438e+01
1.646306228637695312e+01
1.651340866088867188e+01
1.656375503540039062e+01
1.661409950256347656e+01
1.666444587707519531e+01
1.671479225158691406e+01
1.676513671875000000e+01
1.681548309326171875e+01
1.686582946777343750e+01
1.691617393493652344e+01
1.696652030944824219e+01
1.701686477661132812e+01
1.706721115112304688e+01
1.711755752563476562e+01
1.716790199279785156e+01
1.721824836730957031e+01
1.726859474182128906e+01
1.731893920898437500e+01
1.736928558349609375e+01
1.741963005065917969e+01
1.746997642517089844e+01
1.752032279968261719e+01
1.757066726684570312e+01
1.762101364135742188e+01
1.767136001586914062e+01
1.772170639038085938e+01
1.777205276489257812e+01
1.782239723205566406e+01
1.787274360656738281e+01
1.792308998107910156e+01
1.797343444824218750e+01
1.802378082275390625e+01
1.807412719726562500e+01
1.812447166442871094e+01
1.817481803894042969e+01
1.822516250610351562e+01
1.827550888061523438e+01
1.832585525512695312e+01
1.837619972229003906e+01
1.842654609680175781e+01
1.847689247131347656e+01
1.852723884582519531e+01
1.857758522033691406e+01
1.862792968750000000e+01
1.867827606201171875e+01
1.872862243652343750e+01
1.877896690368652344e+01
1.882931327819824219e+01
1.887965965270996094e+01
1.893000411987304688e+01
1.898035049438476562e+01
1.903069496154785156e+01
1.908104133605957031e+01
1.913138771057128906e+01
1.918173217773437500e+01
1.923207855224609375e+01
1.928242492675781250e+01
1.933277130126953125e+01
1.938311767578125000e+01
1.943346214294433594e+01
1.948380851745605469e+01
1.953415489196777344e+01
1.958449935913085938e+01
1.963484573364257812e+01
1.968519210815429688e+01
1.973553657531738281e+01
1.978588294982910156e+01
1.983622741699218750e+01
1.988657379150390625e+01
1.993692016601562500e+01
1.998726463317871094e+01
2.003761100769042969e+01
2.008795738220214844e+01
2.013830184936523438e+01
2.018864822387695312e+01
2.023899269104003906e+01
2.028933906555175781e+01
2.033968544006347656e+01
2.039002990722656250e+01
2.044037628173828125e+01
2.049072265625000000e+01
2.054106903076171875e+01
2.059141540527343750e+01
2.064175987243652344e+01
2.069210624694824219e+01
2.074245262145996094e+01
2.079279708862304688e+01
2.084314346313476562e+01
2.089348983764648438e+01
2.094383430480957031e+01
2.099418067932128906e+01
2.104452514648437500e+01
2.109487152099609375e+01
2.114521789550781250e+01
2.119556236267089844e+01
2.124590873718261719e+01
2.129625511169433594e+01
2.134660148620605469e+01
2.139694786071777344e+01
2.144729232788085938e+01
2.149763870239257812e+01
2.154798507690429688e+01
2.159832954406738281e+01
2.164867591857910156e+01
2.169902229309082031e+01
2.174936676025390625e+01
2.179971313476562500e+01
2.185005760192871094e+01
2.190040397644042969e+01
2.195075035095214844e+01
2.200109481811523438e+01
2.205144119262695312e+01
2.210178756713867188e+01
2.215213203430175781e+01
2.220247840881347656e+01
2.225282287597656250e+01
2.230316925048828125e+01
2.235351562500000000e+01
2.240386009216308594e+01
2.245420646667480469e+01
2.250455284118652344e+01
2.255489921569824219e+01
2.260524559020996094e+01
2.265559005737304688e+01
2.270593643188476562e+01
2.275628280639648438e+01
2.280662727355957031e+01
2.285697364807128906e+01
2.290732002258300781e+01
2.295766448974609375e+01
2.300801086425781250e+01
2.305835533142089844e+01
2.310870170593261719e+01
2.315904808044433594e+01
2.320939254760742188e+01
2.325973892211914062e+01
2.331008529663085938e+01
2.336043167114257812e+01
2.341077804565429688e+01
2.346112251281738281e+01
2.351146888732910156e+01
2.356181526184082031e+01
2.361215972900390625e+01
2.366250610351562500e+01
2.371285247802734375e+01
2.376319694519042969e+01
2.381354331970214844e+01
2.386388778686523438e+01
2.391423416137695312e+01
2.396458053588867188e+01
2.401492500305175781e+01
2.406527137756347656e+01
2.411561775207519531e+01
2.416596221923828125e+01
2.421630859375000000e+01
2.426665306091308594e+01
2.431699943542480469e+01
2.436734580993652344e+01
2.441769027709960938e+01
2.446803665161132812e+01
2.451838302612304688e+01
2.456872940063476562e+01
2.461907577514648438e+01
2.466942024230957031e+01
2.471976661682128906e+01
2.477011299133300781e+01
2.482045745849609375e+01
2.487080383300781250e+01
2.492115020751953125e+01
2.497149467468261719e+01
2.502184104919433594e+01
2.507218551635742188e+01
2.512253189086914062e+01
2.517287826538085938e+01
2.522322273254394531e+01
2.527356910705566406e+01
2.532391548156738281e+01
2.537425994873046875e+01
2.542460632324218750e+01
2.547495079040527344e+01
2.552529716491699219e+01
2.557564353942871094e+01
2.562598800659179688e+01
2.567633438110351562e+01
2.572668075561523438e+01
2.577702713012695312e+01
2.582737350463867188e+01
2.587771797180175781e+01
2.592806434631347656e+01
2.597841072082519531e+01
2.602875518798828125e+01
2.607910156250000000e+01
2.612944793701171875e+01
2.617979240417480469e+01
2.623013877868652344e+01
2.628048324584960938e+01
2.633082962036132812e+01
2.638117599487304688e+01
2.643152046203613281e+01
2.648186683654785156e+01
2.653221321105957031e+01
2.658255958557128906e+01
2.663290596008300781e+01
2.668325042724609375e+01
2.673359680175781250e+01
2.678394317626953125e+01
2.683428764343261719e+01
2.688463401794433594e+01
2.693498039245605469e+01
2.698532485961914062e+01
2.703567123413085938e+01
2.708601570129394531e+01
2.713636207580566406e+01
2.718670845031738281e+01
2.723705291748046875e+01
2.728739929199218750e+01
2.733774566650390625e+01
2.738809204101562500e+01
2.743843841552734375e+01
2.748878288269042969e+01
2.753912925720214844e+01
2.758947563171386719e+01
2.763982009887695312e+01
2.769016647338867188e+01
2.774051284790039062e+01
2.779085731506347656e+01
2.784120368957519531e+01
2.789154815673828125e+01
2.794189453125000000e+01
2.799224090576171875e+01
2.804258537292480469e+01
2.809293174743652344e+01
2.814327812194824219e+01
2.819362258911132812e+01
2.824396896362304688e+01
2.829431343078613281e+01
2.834465980529785156e+01
2.839500617980957031e+01
2.844535064697265625e+01
2.849569702148437500e+01
2.854604339599609375e+01
2.859638977050781250e+01
2.864673614501953125e+01
2.869708061218261719e+01
2.874742698669433594e+01
2.879777336120605469e+01
2.884811782836914062e+01
2.889846420288085938e+01
2.894881057739257812e+01
2.899915504455566406e+01
2.904950141906738281e+01
2.909984588623046875e+01
2.915019226074218750e+01
2.920053863525390625e+01
2.925088310241699219e+01
2.930122947692871094e+01
2.935157585144042969e+01
2.940192222595214844e+01
2.945226860046386719e+01
2.950261306762695312e+01
2.955295944213867188e+01
2.960330581665039062e+01
2.965365028381347656e+01
2.970399665832519531e+01
2.975434303283691406e+01
2.980468750000000000e+01
2.985503387451171875e+01
2.990537834167480469e+01
2.995572471618652344e+01
3.000607109069824219e+01
3.005641555786132812e+01
3.010676193237304688e+01
3.015710830688476562e+01
3.020745277404785156e+01
3.025779914855957031e+01
3.030814361572265625e+01
3.035848999023437500e+01
3.040883636474609375e+01
3.045918083190917969e+01
3.050952720642089844e+01
3.055987358093261719e+01
3.061021995544433594e+01
3.066056632995605469e+01
3.071091079711914062e+01
3.076125717163085938e+01
3.081160354614257812e+01
3.086194801330566406e+01
3.091229438781738281e+01
3.096264076232910156e+01
3.101298522949218750e+01
3.106333160400390625e+01
3.111367607116699219e+01
3.116402244567871094e+01
3.121436882019042969e+01
3.126471328735351562e+01
3.131505966186523438e+01
3.136540603637695312e+01
3.141575241088867188e+01
3.146609878540039062e+01
3.151644325256347656e+01
3.156678962707519531e+01
3.161713600158691406e+01
3.166748046875000000e+01
3.171782684326171875e+01
3.176817321777343750e+01
3.181851768493652344e+01
3.186886405944824219e+01
3.191920852661132812e+01
3.196955490112304688e+01
3.201990127563476562e+01
3.207024765014648438e+01
3.212059402465820312e+01
3.217093658447265625e+01
3.222128295898437500e+01
3.227162933349609375e+01
3.232197570800781250e+01
3.237232208251953125e+01
3.242266464233398438e+01
3.247301101684570312e+01
3.252335739135742188e+01
3.257370376586914062e+01
3.262405014038085938e+01
3.267439651489257812e+01
3.272474288940429688e+01
3.277508926391601562e+01
3.282543182373046875e+01
3.287577819824218750e+01
3.292612457275390625e+01
3.297647094726562500e+01
3.302681732177734375e+01
3.307716369628906250e+01
3.312751007080078125e+01
3.317785644531250000e+01
3.322819900512695312e+01
3.327854537963867188e+01
3.332889175415039062e+01
3.337923812866210938e+01
3.342958068847656250e+01
3.347992706298828125e+01
3.353027343750000000e+01
3.358061981201171875e+01
3.363096237182617188e+01
3.368130874633789062e+01
3.373165512084960938e+01
3.378200149536132812e+01
3.383234786987304688e+01
3.388269424438476562e+01
3.393304061889648438e+01
3.398338699340820312e+01
3.403372955322265625e+01
3.408407592773437500e+01
3.413442230224609375e+01
3.418476867675781250e+01
3.423511505126953125e+01
3.428546142578125000e+01
3.433580780029296875e+01
3.438615417480468750e+01
3.443649673461914062e+01
3.448684310913085938e+01
3.453718948364257812e+01
3.458753585815429688e+01
3.463787841796875000e+01
3.468822479248046875e+01
3.473857116699218750e+01
3.478891754150390625e+01
3.483926010131835938e+01
3.488960647583007812e+01
3.493995285034179688e+01
3.499029922485351562e+01
3.504064559936523438e+01
3.509099197387695312e+01
3.514133834838867188e+01
3.519168472290039062e+01
3.524202728271484375e+01
3.529237365722656250e+01
3.534272003173828125e+01
3.539306640625000000e+01
3.544341278076171875e+01
3.549375915527343750e+01
3.554410552978515625e+01
3.559445190429687500e+01
3.564479446411132812e+01
3.569514083862304688e+01
3.574548721313476562e+01
3.579583358764648438e+01
3.584617996215820312e+01
3.589652633666992188e+01
3.594687271118164062e+01
3.599721908569335938e+01
3.604756164550781250e+01
3.609790802001953125e+01
3.614825439453125000e+01
3.619860076904296875e+01
3.624894332885742188e+01
3.629928970336914062e+01
3.634963607788085938e+01
3.639998245239257812e+01
3.645032501220703125e+01
3.650067138671875000e+01
3.655101776123046875e+01
3.660136413574218750e+01
3.665171051025390625e+01
3.670205688476562500e+01
3.675240325927734375e+01
3.680274963378906250e+01
3.685309219360351562e+01
3.690343856811523438e+01
3.695378494262695312e+01
3.700413131713867188e+01
3.705447769165039062e+01
3.710482406616210938e+01
3.715517044067382812e+01
3.720551681518554688e+01
3.725585937500000000e+01
3.730620574951171875e+01
3.735655212402343750e+01
3.740689849853515625e+01
3.745724105834960938e+01
3.750758743286132812e+01
3.755793380737304688e+01
3.760828018188476562e+01
3.765862274169921875e+01
3.770896911621093750e+01
3.775931549072265625e+01
3.780966186523437500e+01
3.786000823974609375e+01
3.791035461425781250e+01
3.796070098876953125e+01
3.801104736328125000e+01
3.806138992309570312e+01
3.811173629760742188e+01
3.816208267211914062e+01
3.821242904663085938e+01
3.826277542114257812e+01
3.831312179565429688e+01
3.836346817016601562e+01
3.841381454467773438e+01
3.846415710449218750e+01
3.851450347900390625e+01
3.856484985351562500e+01
3.861519622802734375e+01
3.866553878784179688e+01
3.871588516235351562e+01
3.876623153686523438e+01
3.881657791137695312e+01
3.886692047119140625e+01
3.891726684570312500e+01
3.896761322021484375e+01
3.901795959472656250e+01
3.906830596923828125e+01
3.911865234375000000e+01
3.916899871826171875e+01
3.921934509277343750e+01
3.926968765258789062e+01
3.932003402709960938e+01
3.937038040161132812e+01
3.942072677612304688e+01
3.947107315063476562e+01
3.952141952514648438e+01
3.957176589965820312e+01
3.962211227416992188e+01
3.967245483398437500e+01
3.972280120849609375e+01
3.977314758300781250e+01
3.982349395751953125e+01
3.987384033203125000e+01
3.992418670654296875e+01
3.997453308105468750e+01
4.002487945556640625e+01
4.007522201538085938e+01
4.012556838989257812e+01
4.017591476440429688e+01
4.022626113891601562e+01
4.027660369873046875e+01
4.032695007324218750e+01
4.037729644775390625e+01
4.042764282226562500e+01
4.047798538208007812e+01
4.052833175659179688e+01
4.057867813110351562e+01
4.062902450561523438e+01
4.067937088012695312e+01
4.072971725463867188e+01
4.078006362915039062e+01
4.083041000366210938e+01
4.088075256347656250e+01
4.093109893798828125e+01
4.098144531250000000e+01
4.103179168701171875e+01
4.108213806152343750e+01
4.113248443603515625e+01
4.118283081054687500e+01
4.123317718505859375e+01
4.128351974487304688e+01
4.133386611938476562e+01
4.138421249389648438e+01
4.143455886840820312e+01
4.148490142822265625e+01
4.153524780273437500e+01
4.158559417724609375e+01
4.163594055175781250e+01
4.168628311157226562e+01
4.173662948608398438e+01
4.178697586059570312e+01
4.183732223510742188e+01
4.188766860961914062e+01
4.193801498413085938e+01
4.198836135864257812e+01
4.203870773315429688e+01
4.208905029296875000e+01
4.213939666748046875e+01
4.218974304199218750e+01
4.224008941650390625e+01
4.229043579101562500e+01
4.234078216552734375e+01
4.239112854003906250e+01
4.244147491455078125e+01
4.249181747436523438e+01
4.254216384887695312e+01
4.259251022338867188e+01
4.264285659790039062e+01
4.269319915771484375e+01
4.274354553222656250e+01
4.279389190673828125e+01
4.284423828125000000e+01
4.289458084106445312e+01
4.294492721557617188e+01
4.299527359008789062e+01
4.304561996459960938e+01
4.309596633911132812e+01
4.314631271362304688e+01
4.319665908813476562e+01
4.324700546264648438e+01
4.329734802246093750e+01
4.334769439697265625e+01
4.339804077148437500e+01
4.344838714599609375e+01
4.349873352050781250e+01
4.354907989501953125e+01
4.359942626953125000e+01
4.364977264404296875e+01
4.370011520385742188e+01
4.375046157836914062e+01
4.380080795288085938e+01
4.385115432739257812e+01
4.390150070190429688e+01
4.395184707641601562e+01
4.400219345092773438e+01
4.405253982543945312e+01
4.410288238525390625e+01
4.415322875976562500e+01
4.420357513427734375e+01
4.425392150878906250e+01
4.430426406860351562e+01
4.435461044311523438e+01
4.440495681762695312e+01
4.445530319213867188e+01
4.450564575195312500e+01
4.455599212646484375e+01
4.460633850097656250e+01
4.465668487548828125e+01
4.470703125000000000e+01
4.475737762451171875e+01
4.480772399902343750e+01
4.485807037353515625e+01
4.490841293334960938e+01
4.495875930786132812e+01
4.500910568237304688e+01
4.505945205688476562e+01
4.510979843139648438e+01
4.516014480590820312e+01
4.521049118041992188e+01
4.526083755493164062e+01
4.531118011474609375e+01
4.536152648925781250e+01
4.541187286376953125e+01
4.546221923828125000e+01
4.551256179809570312e+01
4.556290817260742188e+01
4.561325454711914062e+01
4.566360092163085938e+01
4.571394348144531250e+01
4.576428985595703125e+01
4.581463623046875000e+01
4.586498260498046875e+01
4.591532897949218750e+01
4.596567535400390625e+01
4.601602172851562500e+01
4.606636810302734375e+01
4.611671066284179688e+01
4.616705703735351562e+01
4.621740341186523438e+01
4.626774978637695312e+01
4.631809616088867188e+01
4.636844253540039062e+01
4.641878890991210938e+01
4.646913528442382812e+01
4.651947784423828125e+01
4.656982421875000000e+01
4.662017059326171875e+01
4.667051696777343750e+01
4.672086334228515625e+01
4.677120971679687500e+01
4.682155609130859375e+01
4.687190246582031250e+01
4.692224502563476562e+01
4.697259140014648438e+01
4.702293777465820312e+01
4.707328414916992188e+01
4.712362670898437500e+01
4.717397308349609375e+01
4.722431945800781250e+01
4.727466583251953125e+01
4.732500839233398438e+01
4.737535476684570312e+01
4.742570114135742188e+01
4.747604751586914062e+01
4.752639389038085938e+01
4.757674026489257812e+01
4.762708663940429688e+01
4.767743301391601562e+01
4.772777557373046875e+01
4.777812194824218750e+01
4.782846832275390625e+01
4.787881469726562500e+01
4.792916107177734375e+01
4.797950744628906250e+01
4.802985382080078125e+01
4.808020019531250000e+01
4.813054275512695312e+01
4.818088912963867188e+01
4.823123550415039062e+01
4.828158187866210938e+01
4.833192443847656250e+01
4.838227081298828125e+01
4.843261718750000000e+01
4.848296356201171875e+01
4.853330612182617188e+01
4.858365249633789062e+01
4.863399887084960938e+01
4.868434524536132812e+01
4.873469161987304688e+01
4.878503799438476562e+01
4.883538436889648438e+01
4.888573074340820312e+01
4.893607330322265625e+01
4.898641967773437500e+01
4.903676605224609375e+01
4.908711242675781250e+01
4.913745880126953125e+01
4.918780517578125000e+01
4.923815155029296875e+01
4.928849792480468750e+01
4.933884048461914062e+01
4.938918685913085938e+01
4.943953323364257812e+01
4.948987960815429688e+01
4.954022216796875000e+01
4.959056854248046875e+01
4.964091491699218750e+01
4.969126129150390625e+01
4.974160385131835938e+01
4.979195022583007812e+01
4.984229660034179688e+01
4.989264297485351562e+01
4.994298934936523438e+01
4.999333572387695312e+01
5.004368209838867188e+01
5.009402847290039062e+01
5.014437103271484375e+01
5.019471740722656250e+01
5.024506378173828125e+01
5.029541015625000000e+01
