1.000000000000000000e+00
1.007826209068298340e+00
1.015713572502136230e+00
1.023662805557250977e+00
1.031674146652221680e+00
1.039748191833496094e+00
1.047885417938232422e+00
1.056086421012878418e+00
1.064351439476013184e+00
1.072681307792663574e+00
1.081076264381408691e+00
1.089537024497985840e+00
1.098063826560974121e+00
1.106657505035400391e+00
1.115318417549133301e+00
1.124047040939331055e+00
1.132844090461730957e+00
1.141709923744201660e+00
1.150645136833190918e+00
1.159650325775146484e+00
1.168725967407226562e+00
1.177872538566589355e+00
1.187090754508972168e+00
1.196381211280822754e+00
1.205744266510009766e+00
1.215180635452270508e+00
1.224690914154052734e+00
1.234275460243225098e+00
1.243935227394104004e+00
1.253670454025268555e+00
1.263481855392456055e+00
1.273370146751403809e+00
1.283335685729980469e+00
1.293379306793212891e+00
1.303501486778259277e+00
1.313702940940856934e+00
1.323984265327453613e+00
1.334345936775207520e+00
1.344788789749145508e+00
1.355313301086425781e+00
1.365920305252075195e+00
1.376610159873962402e+00
1.387383818626403809e+00
1.398241758346557617e+00
1.409184575080871582e+00
1.420213103294372559e+00
1.431327939033508301e+00
1.442529797554016113e+00
1.453819274902343750e+00
1.465197086334228516e+00
1.476664066314697266e+00
1.488220691680908203e+00
1.499867677688598633e+00
1.511605978012084961e+00
1.523436069488525391e+00
1.535358667373657227e+00
1.547374725341796875e+00
1.559484720230102539e+00
1.571689486503601074e+00
1.583989858627319336e+00
1.596386432647705078e+00
1.608880043029785156e+00
1.621471405029296875e+00
1.634161353111267090e+00
1.646950602531433105e+00
1.659839868545532227e+00
1.672830104827880859e+00
1.685921907424926758e+00
1.699116230010986328e+00
1.712413907051086426e+00
1.725815534591674805e+00
1.739322066307067871e+00
1.752934336662292480e+00
1.766653060913085938e+00
1.780479192733764648e+00
1.794413566589355469e+00
1.808456897735595703e+00
1.822610259056091309e+00
1.836874246597290039e+00
1.851250052452087402e+00
1.865738153457641602e+00
1.880339741706848145e+00
1.895055651664733887e+00
1.909886717796325684e+00
1.924833774566650391e+00
1.939897894859313965e+00
1.955079913139343262e+00
1.970380663871765137e+00
1.985801219940185547e+00
2.001342535018920898e+00
2.017005205154418945e+00
2.032790660858154297e+00
2.048699617385864258e+00
2.064733266830444336e+00
2.080892086029052734e+00
2.097177505493164062e+00
2.113590478897094727e+00
2.130131721496582031e+00
2.146802663803100586e+00
2.163603782653808594e+00
2.180536508560180664e+00
2.197601795196533203e+00
2.214800596237182617e+00
2.232134103775024414e+00
2.249603271484375000e+00
2.267209053039550781e+00
2.284952640533447266e+00
2.302834987640380859e+00
2.320857286453247070e+00
2.339020729064941406e+00
2.357326269149780273e+00
2.375775337219238281e+00
2.394368410110473633e+00
2.413107156753540039e+00
2.431992530822753906e+00
2.451025724411010742e+00
2.470207929611206055e+00
2.489540338516235352e+00
2.509023904800415039e+00
2.528659820556640625e+00
2.548449754714965820e+00
2.568394184112548828e+00
2.588495016098022461e+00
2.608752965927124023e+00
2.629169464111328125e+00
2.649745941162109375e+00
2.670483350753784180e+00
2.691382884979248047e+00
2.712446212768554688e+00
2.733674287796020508e+00
2.755068540573120117e+00
2.776630163192749023e+00
2.798360586166381836e+00
2.820261001586914062e+00
2.842332839965820312e+00
2.864577293395996094e+00
2.886996030807495117e+00
2.909590244293212891e+00
2.932361125946044922e+00
2.955310344696044922e+00
2.978439092636108398e+00
3.001749038696289062e+00
3.025241136550903320e+00
3.048917293548583984e+00
3.072778463363647461e+00
3.096826791763305664e+00
3.121062994003295898e+00
3.145488977432250977e+00
3.170106172561645508e+00
3.194916009902954102e+00
3.219919919967651367e+00
3.245119571685791016e+00
3.270516395568847656e+00
3.296112060546875000e+00
3.321907997131347656e+00
3.347905874252319336e+00
3.374107122421264648e+00
3.400513410568237305e+00
3.427126646041870117e+00
3.453947782516479492e+00
3.480978965759277344e+00
3.508221864700317383e+00
3.535677671432495117e+00
3.563348531723022461e+00
3.591235876083374023e+00
3.619341611862182617e+00
3.647667169570922852e+00
3.676214456558227539e+00
3.704985141754150391e+00
3.733981132507324219e+00
3.763203859329223633e+00
3.792655467987060547e+00
3.822337388992309570e+00
3.852251529693603516e+00
3.882400035858154297e+00
3.912784337997436523e+00
3.943406581878662109e+00
3.974268198013305664e+00
4.005371570587158203e+00
4.036718368530273438e+00
4.068310260772705078e+00
4.100149631500244141e+00
4.132238388061523438e+00
4.164577960968017578e+00
4.197170734405517578e+00
4.230018138885498047e+00
4.263123035430908203e+00
4.296487331390380859e+00
4.330112457275390625e+00
4.364000320434570312e+00
4.398153781890869141e+00
4.432574748992919922e+00
4.467264652252197266e+00
4.502226352691650391e+00
4.537461757659912109e+00
4.572972297668457031e+00
4.608761310577392578e+00
4.644830226898193359e+00
4.681181430816650391e+00
4.717817306518554688e+00
4.754739761352539062e+00
4.791951179504394531e+00
4.829453945159912109e+00
4.867249965667724609e+00
4.905342102050781250e+00
4.943732261657714844e+00
4.982422828674316406e+00
5.021415710449218750e+00
5.060714244842529297e+00
5.100320339202880859e+00
5.140236377716064453e+00
5.180464744567871094e+00
5.221008300781250000e+00
5.261868476867675781e+00
5.303049087524414062e+00
5.344551563262939453e+00
5.386378765106201172e+00
5.428533554077148438e+00
5.471018314361572266e+00
5.513835430145263672e+00
5.556987762451171875e+00
5.600477695465087891e+00
5.644308090209960938e+00
5.688481330871582031e+00
5.733000278472900391e+00
5.777867794036865234e+00
5.823086261749267578e+00
5.868659019470214844e+00
5.914587974548339844e+00
5.960876941680908203e+00
6.007527351379394531e+00
6.054543495178222656e+00
6.101927280426025391e+00
6.149682044982910156e+00
6.197810649871826172e+00
6.246315956115722656e+00
6.295200824737548828e+00
6.344468116760253906e+00
6.394120693206787109e+00
6.444162368774414062e+00
6.494595527648925781e+00
6.545423507690429688e+00
6.596649169921875000e+00
6.648275375366210938e+00
6.700305938720703125e+00
6.752743721008300781e+00
6.805592060089111328e+00
6.858853816986083984e+00
6.912532329559326172e+00
6.966630935668945312e+00
7.021152973175048828e+00
7.076101779937744141e+00
7.131480693817138672e+00
7.187293052673339844e+00
7.243542194366455078e+00
7.300231456756591797e+00
7.357364177703857422e+00
7.414944171905517578e+00
7.472974777221679688e+00
7.531459808349609375e+00
7.590402126312255859e+00
7.649806022644042969e+00
7.709674835205078125e+00
7.770011901855468750e+00
7.830821514129638672e+00
7.892107009887695312e+00
7.953871726989746094e+00
8.016119956970214844e+00
8.078855514526367188e+00
8.142082214355468750e+00
8.205803871154785156e+00
8.270023345947265625e+00
8.334746360778808594e+00
8.399975776672363281e+00
8.465715408325195312e+00
8.531969070434570312e+00
8.598742485046386719e+00
8.666037559509277344e+00
8.733859062194824219e+00
8.802211761474609375e+00
8.871099472045898438e+00
8.940526962280273438e+00
9.010497093200683594e+00
9.081014633178710938e+00
9.152084350585937500e+00
9.223710060119628906e+00
9.295896530151367188e+00
9.368647575378417969e+00
9.441967964172363281e+00
9.515862464904785156e+00
9.590335845947265625e+00
9.665390968322753906e+00
9.741034507751464844e+00
9.817269325256347656e+00
9.894101142883300781e+00
9.971533775329589844e+00
1.004957294464111328e+01
1.012822246551513672e+01
1.020748805999755859e+01
1.028737354278564453e+01
1.036788463592529297e+01
1.044902515411376953e+01
1.053080081939697266e+01
1.061321735382080078e+01
1.069627761840820312e+01
1.077998828887939453e+01
1.086435508728027344e+01
1.094938087463378906e+01
1.103507328033447266e+01
1.112143516540527344e+01
1.120847415924072266e+01
1.129619312286376953e+01
1.138459873199462891e+01
1.147369670867919922e+01
1.156349182128906250e+01
1.165398979187011719e+01
1.174519634246826172e+01
1.183711624145507812e+01
1.192975521087646484e+01
1.202311992645263672e+01
1.211721515655517578e+01
1.221204662322998047e+01
1.230762004852294922e+01
1.240394210815429688e+01
1.250101757049560547e+01
1.259885215759277344e+01
1.269745349884033203e+01
1.279682540893554688e+01
1.289697551727294922e+01
1.299790954589843750e+01
1.309963417053222656e+01
1.320215415954589844e+01
1.330547618865966797e+01
1.340960693359375000e+01
1.351455307006835938e+01
1.362032032012939453e+01
1.372691535949707031e+01
1.383434486389160156e+01
1.394261455535888672e+01
1.405173206329345703e+01
1.416170310974121094e+01
1.427253532409667969e+01
1.438423442840576172e+01
1.449680805206298828e+01
1.461026287078857422e+01
1.472460556030273438e+01
1.483984279632568359e+01
1.495598220825195312e+01
1.507302951812744141e+01
1.519099426269531250e+01
1.530988121032714844e+01
1.542969894409179688e+01
1.555045509338378906e+01
1.567215538024902344e+01
1.579480838775634766e+01
1.591842174530029297e+01
1.604300117492675781e+01
1.616855621337890625e+01
1.629509544372558594e+01
1.642262268066406250e+01
1.655114936828613281e+01
1.668068122863769531e+01
1.681122779846191406e+01
1.694279479980468750e+01
1.707539367675781250e+01
1.720902824401855469e+01
1.734370803833007812e+01
1.747944450378417969e+01
1.761624145507812500e+01
1.775410842895507812e+01
1.789305496215820312e+01
1.803308868408203125e+01
1.817421913146972656e+01
1.831645393371582031e+01
1.845980262756347656e+01
1.860427093505859375e+01
1.874987220764160156e+01
1.889661216735839844e+01
1.904450035095214844e+01
1.919354629516601562e+01
1.934375762939453125e+01
1.949514579772949219e+01
1.964771842956542969e+01
1.980148506164550781e+01
1.995645332336425781e+01
2.011263656616210938e+01
2.027004241943359375e+01
2.042867851257324219e+01
2.058855628967285156e+01
2.074968719482421875e+01
2.091207695007324219e+01
2.107573890686035156e+01
2.124068069458007812e+01
2.140691566467285156e+01
2.157444953918457031e+01
2.174329376220703125e+01
2.191346168518066406e+01
2.208496093750000000e+01
2.225780105590820312e+01
2.243199348449707031e+01
2.260755157470703125e+01
2.278448104858398438e+01
2.296279716491699219e+01
2.314250755310058594e+01
2.332362556457519531e+01
2.350616073608398438e+01
2.369012260437011719e+01
2.387552642822265625e+01
2.406237983703613281e+01
2.425069618225097656e+01
2.444048690795898438e+01
2.463176345825195312e+01
2.482453536987304688e+01
2.501881599426269531e+01
2.521461868286132812e+01
2.541195106506347656e+01
2.561083030700683594e+01
2.581126594543457031e+01
2.601326942443847656e+01
2.621685218811035156e+01
2.642203140258789062e+01
2.662881469726562500e+01
2.683721542358398438e+01
2.704724884033203125e+01
2.725892448425292969e+01
2.747225761413574219e+01
2.768726158142089844e+01
2.790394592285156250e+01
2.812232780456542969e+01
2.834241867065429688e+01
2.856422996520996094e+01
2.878777885437011719e+01
2.901307678222656250e+01
2.924013900756835938e+01
2.946897697448730469e+01
2.969960784912109375e+01
2.993204116821289062e+01
3.016629409790039062e+01
3.040238189697265625e+01
3.064031600952148438e+01
3.088011169433593750e+01
3.112178611755371094e+01
3.136535072326660156e+01
3.161082077026367188e+01
3.185821342468261719e+01
3.210754013061523438e+01
3.235881805419921875e+01
3.261206436157226562e+01
3.286729431152343750e+01
3.312451934814453125e+01
3.338375854492187500e+01
3.364502334594726562e+01
3.390833663940429688e+01
3.417370986938476562e+01
3.444115829467773438e+01
3.471070098876953125e+01
3.498235321044921875e+01
3.525613021850585938e+01
3.553205108642578125e+01
3.581013107299804688e+01
3.609038925170898438e+01
3.637283706665039062e+01
3.665749740600585938e+01
3.694438552856445312e+01
3.723352050781250000e+01
3.752491378784179688e+01
3.781859207153320312e+01
3.811456680297851562e+01
3.841285705566406250e+01
3.871348190307617188e+01
3.901646041870117188e+01
3.932181167602539062e+01
3.962955093383789062e+01
3.993969726562500000e+01
4.025227355957031250e+01
4.056729507446289062e+01
4.088478088378906250e+01
4.120475387573242188e+01
4.152722930908203125e+01
4.185223007202148438e+01
4.217977142333984375e+01
4.250987625122070312e+01
4.284256744384765625e+01
4.317786026000976562e+01
4.351577758789062500e+01
4.385634231567382812e+01
4.419956970214843750e+01
4.454548263549804688e+01
4.489410400390625000e+01
4.524545288085937500e+01
4.559955215454101562e+01
4.595642089843750000e+01
4.631608200073242188e+01
4.667856216430664062e+01
4.704387664794921875e+01
4.741204833984375000e+01
4.778310394287109375e+01
4.815706253051757812e+01
4.853395080566406250e+01
4.891378402709960938e+01
4.929659271240234375e+01
4.968239593505859375e+01
5.007122039794921875e+01
5.046308517456054688e+01
5.085801696777343750e+01
5.125604248046875000e+01
5.165718078613281250e+01
5.206145858764648438e+01
5.246890258789062500e+01
5.287953186035156250e+01
5.329337692260742188e+01
5.371046066284179688e+01
5.413080596923828125e+01
5.455444335937500000e+01
5.498139572143554688e+01
5.541168975830078125e+01
5.584535217285156250e+01
5.628240966796875000e+01
5.672288513183593750e+01
5.716680908203125000e+01
5.761420440673828125e+01
5.806510543823242188e+01
5.851953125000000000e+01
5.897751617431640625e+01
5.943908309936523438e+01
5.990426635742187500e+01
6.037308502197265625e+01
6.084557723999023438e+01
6.132176589965820312e+01
6.180168151855468750e+01
6.228535079956054688e+01
6.277280807495117188e+01
6.326407623291015625e+01
6.375919342041015625e+01
6.425818634033203125e+01
6.476107788085937500e+01
6.526791381835937500e+01
6.577870941162109375e+01
6.629350280761718750e+01
6.681233215332031250e+01
6.733521270751953125e+01
6.786219024658203125e+01
6.839329528808593750e+01
6.892855072021484375e+01
6.946799468994140625e+01
7.001166534423828125e+01
7.055959320068359375e+01
7.111180114746093750e+01
7.166833496093750000e+01
7.222922515869140625e+01
7.279450225830078125e+01
7.336420440673828125e+01
7.393836975097656250e+01
7.451702117919921875e+01
7.510020446777343750e+01
7.568795013427734375e+01
7.628029632568359375e+01
7.687728118896484375e+01
7.747893524169921875e+01
7.808530426025390625e+01
7.869641113281250000e+01
7.931230163574218750e+01
7.993301391601562500e+01
8.055858612060546875e+01
8.118904876708984375e+01
8.182444763183593750e+01
8.246482086181640625e+01
8.311020660400390625e+01
8.376064300537109375e+01
8.441616821289062500e+01
8.507682037353515625e+01
8.574265289306640625e+01
8.641368865966796875e+01
8.708997344970703125e+01
8.777155303955078125e+01
8.845847320556640625e+01
8.915076446533203125e+01
8.984847259521484375e+01
9.055164337158203125e+01
9.126031494140625000e+01
9.197453308105468750e+01
9.269434356689453125e+01
9.341978454589843750e+01
9.415090942382812500e+01
9.488774871826171875e+01
9.563035583496093750e+01
9.637877655029296875e+01
9.713305664062500000e+01
9.789323425292968750e+01
9.865936279296875000e+01
9.943148803710937500e+01
1.002096557617187500e+02
1.009939117431640625e+02
1.017843093872070312e+02
1.025808944702148438e+02
1.033837127685546875e+02
1.041928100585937500e+02
1.050082397460937500e+02
1.058300552368164062e+02
1.066582946777343750e+02
1.074930267333984375e+02
1.083342819213867188e+02
1.091821289062500000e+02
1.100366058349609375e+02
1.108977737426757812e+02
1.117656784057617188e+02
1.126403732299804688e+02
1.135219192504882812e+02
1.144103622436523438e+02
1.153057556152343750e+02
1.162081604003906250e+02
1.171176223754882812e+02
1.180342025756835938e+02
1.189579620361328125e+02
1.198889465332031250e+02
1.208272171020507812e+02
1.217728347778320312e+02
1.227258529663085938e+02
1.236863250732421875e+02
1.246543197631835938e+02
1.256298828125000000e+02
1.266130828857421875e+02
1.276039810180664062e+02
1.286026306152343750e+02
1.296091003417968750e+02
1.306234436035156250e+02
1.316457214355468750e+02
1.326760101318359375e+02
1.337143554687500000e+02
1.347608184814453125e+02
1.358154907226562500e+02
1.368784027099609375e+02
1.379496307373046875e+02
1.390292510986328125e+02
1.401173248291015625e+02
1.412138977050781250e+02
1.423190765380859375e+02
1.434328765869140625e+02
1.445554199218750000e+02
1.456867370605468750e+02
1.468269042968750000e+02
1.479759979248046875e+02
1.491340789794921875e+02
1.503012237548828125e+02
1.514775085449218750e+02
1.526630096435546875e+02
1.538577728271484375e+02
1.550618896484375000e+02
1.562754364013671875e+02
1.574984741210937500e+02
1.587310791015625000e+02
1.599733428955078125e+02
1.612253112792968750e+02
1.624870910644531250e+02
1.637587432861328125e+02
1.650403442382812500e+02
1.663319854736328125e+02
1.676337280273437500e+02
1.689456634521484375e+02
1.702678527832031250e+02
1.716004028320312500e+02
1.729433746337890625e+02
1.742968597412109375e+02
1.756609344482421875e+02
1.770356903076171875e+02
1.784212036132812500e+02
1.798175659179687500e+02
1.812248535156250000e+02
1.826431427001953125e+02
1.840725402832031250e+02
1.855131225585937500e+02
1.869649810791015625e+02
1.884282073974609375e+02
1.899028778076171875e+02
1.913890838623046875e+02
1.928869323730468750e+02
1.943964996337890625e+02
1.959178771972656250e+02
1.974511718750000000e+02
1.989964599609375000e+02
2.005538330078125000e+02
2.021234130859375000e+02
2.037052612304687500e+02
2.052994995117187500e+02
2.069062042236328125e+02
2.085254974365234375e+02
2.101574401855468750e+02
2.118021697998046875e+02
2.134597778320312500e+02
2.151303558349609375e+02
2.168139953613281250e+02
2.185108184814453125e+02
2.202209320068359375e+02
2.219444122314453125e+02
2.236813964843750000e+02
2.254319610595703125e+02
2.271962280273437500e+02
2.289743041992187500e+02
2.307662963867187500e+02
2.325723266601562500e+02
2.343924713134765625e+02
2.362268676757812500e+02
2.380756225585937500e+02
2.399388427734375000e+02
2.418166503906250000e+02
2.437091522216796875e+02
2.456164550781250000e+02
2.475386962890625000e+02
2.494759674072265625e+02
2.514284210205078125e+02
2.533961334228515625e+02
2.553792572021484375e+02
2.573778991699218750e+02
2.593921813964843750e+02
2.614222412109375000e+02
2.634681701660156250e+02
2.655301208496093750e+02
2.676082153320312500e+02
2.697025451660156250e+02
2.718132934570312500e+02
2.739405517578125000e+02
2.760844726562500000e+02
2.782451477050781250e+02
2.804227294921875000e+02
2.826173706054687500e+02
2.848291931152343750e+02
2.870583190917968750e+02
2.893049011230468750e+02
2.915690307617187500e+02
2.938509216308593750e+02
2.961506347656250000e+02
2.984683532714843750e+02
3.008042297363281250e+02
3.031583862304687500e+02
3.055309448242187500e+02
3.079220886230468750e+02
3.103319396972656250e+02
3.127606506347656250e+02
3.152083740234375000e+02
3.176752319335937500e+02
3.201614379882812500e+02
3.226670837402343750e+02
3.251923217773437500e+02
3.277373352050781250e+02
3.303022460937500000e+02
3.328872680664062500e+02
3.354924926757812500e+02
3.381181335449218750e+02
3.407642822265625000e+02
3.434311828613281250e+02
3.461189270019531250e+02
3.488277282714843750e+02
3.515577087402343750e+02
3.543090515136718750e+02
3.570819396972656250e+02
3.598765258789062500e+02
3.626929931640625000e+02
3.655314941406250000e+02
3.683921813964843750e+02
3.712752990722656250e+02
3.741809692382812500e+02
3.771093750000000000e+02
3.800606994628906250e+02
3.830351257324218750e+02
3.860328063964843750e+02
3.890539855957031250e+02
3.920987854003906250e+02
3.951674194335937500e+02
3.982600708007812500e+02
4.013769226074218750e+02
4.045181579589843750e+02
4.076839904785156250e+02
4.108746032714843750e+02
4.140901794433593750e+02
4.173309020996093750e+02
4.205970153808593750e+02
4.238887023925781250e+02
4.272061157226562500e+02
4.305494995117187500e+02
4.339190673828125000e+02
4.373150024414062500e+02
4.407374877929687500e+02
4.441867675781250000e+02
4.476630554199218750e+02
4.511665649414062500e+02
4.546974487304687500e+02
4.582560119628906250e+02
4.618424072265625000e+02
4.654568481445312500e+02
4.690996093750000000e+02
4.727708740234375000e+02
4.764708557128906250e+02
4.801997985839843750e+02
4.839579162597656250e+02
4.877454528808593750e+02
4.915626525878906250e+02
4.954096984863281250e+02
4.992868652343750000e+02
5.031943664550781250e+02
5.071324462890625000e+02
5.111013488769531250e+02
5.151013183593750000e+02
5.191326293945312500e+02
5.231954345703125000e+02
5.272900390625000000e+02
5.314166870117187500e+02
5.355756835937500000e+02
5.397671508789062500e+02
5.439915161132812500e+02
5.482488403320312500e+02
5.525395507812500000e+02
5.568638305664062500e+02
5.612219238281250000e+02
5.656141357421875000e+02
5.700407714843750000e+02
5.745020141601562500e+02
5.789981689453125000e+02
5.835294799804687500e+02
5.880963134765625000e+02
5.926988525390625000e+02
5.973374023437500000e+02
6.020122680664062500e+02
6.067237548828125000e+02
6.114720458984375000e+02
6.162575683593750000e+02
6.210805053710937500e+02
6.259411621093750000e+02
6.308399047851562500e+02
6.357769775390625000e+02
6.407526855468750000e+02
6.457672729492187500e+02
6.508211669921875000e+02
6.559146118164062500e+02
6.610479125976562500e+02
6.662214355468750000e+02
6.714353637695312500e+02
6.766901245117187500e+02
6.819860229492187500e+02
6.873233642578125000e+02
6.927025146484375000e+02
6.981237182617187500e+02
7.035873413085937500e+02
7.090937500000000000e+02
7.146432495117187500e+02
7.202361450195312500e+02
7.258728637695312500e+02
7.315536499023437500e+02
7.372789306640625000e+02
7.430490112304687500e+02
7.488642578125000000e+02
7.547249755859375000e+02
7.606315917968750000e+02
7.665844116210937500e+02
7.725838623046875000e+02
7.786302490234375000e+02
7.847239379882812500e+02
7.908652954101562500e+02
7.970547485351562500e+02
8.032926635742187500e+02
8.095793457031250000e+02
8.159152832031250000e+02
8.223007812500000000e+02
8.287362670898437500e+02
8.352221069335937500e+02
8.417586669921875000e+02
8.483464355468750000e+02
8.549857177734375000e+02
8.616770019531250000e+02
8.684206542968750000e+02
8.752170410156250000e+02
8.820666503906250000e+02
8.889698486328125000e+02
8.959271240234375000e+02
9.029387817382812500e+02
9.100053100585937500e+02
9.171271972656250000e+02
9.243048095703125000e+02
9.315385742187500000e+02
9.388289794921875000e+02
9.461763916015625000e+02
9.535813598632812500e+02
9.610442504882812500e+02
9.685655517578125000e+02
9.761456909179687500e+02
9.837851562500000000e+02
9.914844360351562500e+02
9.992440185546875000e+02
1.007064270019531250e+03
1.014945678710937500e+03
1.022888854980468750e+03
1.030894165039062500e+03
1.038962158203125000e+03
1.047093261718750000e+03
1.055287963867187500e+03
1.063546875000000000e+03
1.071870361328125000e+03
1.080259033203125000e+03
1.088713256835937500e+03
1.097233764648437500e+03
1.105820922851562500e+03
1.114475219726562500e+03
1.123197265625000000e+03
1.131987670898437500e+03
1.140846801757812500e+03
1.149775268554687500e+03
1.158773559570312500e+03
1.167842407226562500e+03
1.176982055664062500e+03
1.186193359375000000e+03
1.195476684570312500e+03
1.204832763671875000e+03
1.214261962890625000e+03
1.223765014648437500e+03
1.233342407226562500e+03
1.242994750976562500e+03
1.252722656250000000e+03
1.262526611328125000e+03
1.272407470703125000e+03
1.282365478515625000e+03
1.292401489257812500e+03
1.302516113281250000e+03
1.312709838867187500e+03
1.322983276367187500e+03
1.333337158203125000e+03
1.343772094726562500e+03
1.354288696289062500e+03
1.364887573242187500e+03
1.375569458007812500e+03
1.386334960937500000e+03
1.397184570312500000e+03
1.408119262695312500e+03
1.419139404296875000e+03
1.430245849609375000e+03
1.441439208984375000e+03
1.452720214843750000e+03
1.464089355468750000e+03
1.475547607421875000e+03
1.487095581054687500e+03
1.498733764648437500e+03
1.510463134765625000e+03
1.522284301757812500e+03
1.534197998046875000e+03
1.546204833984375000e+03
1.558305786132812500e+03
1.570501342773437500e+03
1.582792358398437500e+03
1.595179565429687500e+03
1.607663696289062500e+03
1.620245605468750000e+03
1.632925903320312500e+03
1.645705444335937500e+03
1.658585083007812500e+03
1.671565429687500000e+03
1.684647338867187500e+03
1.697831665039062500e+03
1.711119262695312500e+03
1.724510742187500000e+03
1.738007080078125000e+03
1.751609008789062500e+03
1.765317382812500000e+03
1.779133178710937500e+03
1.793056884765625000e+03
1.807089721679687500e+03
1.821232299804687500e+03
1.835485595703125000e+03
1.849850463867187500e+03
1.864327636718750000e+03
1.878918212890625000e+03
1.893622924804687500e+03
1.908442749023437500e+03
1.923378662109375000e+03
1.938431274414062500e+03
1.953601806640625000e+03
1.968890991210937500e+03
1.984299926757812500e+03
1.999829467773437500e+03
2.015480468750000000e+03
2.031253906250000000e+03
2.047150878906250000e+03
2.063172363281250000e+03
2.079319091796875000e+03
2.095592041015625000e+03
2.111992675781250000e+03
2.128521484375000000e+03
2.145179687500000000e+03
2.161968261718750000e+03
2.178888183593750000e+03
2.195940429687500000e+03
2.213126220703125000e+03
2.230446533203125000e+03
2.247902343750000000e+03
2.265494873046875000e+03
2.283225097656250000e+03
2.301093994140625000e+03
2.319102783203125000e+03
2.337252441406250000e+03
2.355544189453125000e+03
2.373979003906250000e+03
2.392558349609375000e+03
2.411282958984375000e+03
